00000
00001
00002
00003
00004
00005
00006
00008
00009
00010
00011
00012
00013
00014
00015
00016
00017
00018
00019
00020
00021
00022
00023
00024
00025
00026
00027
00028
00029
00030
00031
00032
00033
00034
00035
00036
00039
00040
00041
00042
00043
00044
00045
00046
00047
00048
00049
00050
00051
00052
00053
00054
00055
00056
00057
00058
00061
00062
00063
00064
00065
00066
00067
00068
00069
00070
00071
00072
00073
00074
00075
00076
00078
00079
00080
00081
00082
00083
00084
00085
00086
00087
00088
00089
00091
00092
00094
00095
00096
00097
00098
00099
00101
00102
00103
00104
00105
00106
00107
00108
00109
00110
00111
00112
00113
00114
00115
00116
00117
00118
00119
00120
00121
00122
00123
00124
00125
00126
00127
00128
00129
00130
00131
00132
00133
00134
00135
00136
00137
00140
00141
00142
00143
00144
00145
00146
00147
00148
00149
00152
00153
00154
00155
00156
00157
00158
00159
00160
00161
00162
00163
00164
00165
00166
00167
00168
00169
00170
00171
00172
00173
00174
00175
00176
00177
00178
00180
00181
00182
00183
00184
00185
00186
00187
00188
00189
00191
00192
00193
00194
00195
00196
00198
00199
00200
00201
00202
00203
00204
00205
00207
00208
00209
00210
00211
00212
00214
00215
00216
00217
00218
00220
00221
00222
00223
00225
00226
00227
00228
00229
00230
00231
00232
00233
00234
00235
00236
00237
00240
00241
00243
00244
00245
00246
00247
00248
00249
00250
00251
00252
00253
00254
00255
00256
00257
00258
00259
00260
00262
00263
00264
00265
00266
00267
00269
00270
00271
00272
00273
00275
00276
00277
00278
00279
00282
00283
00284
00285
00286
00287
00288
00289
00290
00291
00292
00293
00294
00295
00296
00297
00298
00299
00300
00301
00302
00304
00305
00306
00307
00308
00309
00310
00311
00312
00313
00314
00315
00317
00318
00319
00320
00321
00322
00323
00324
00325
00326
00327
00328
00329
00330
00331
00332
00333
00334
00335
00336
00338
00339
00341
00342
00343
00344
00346
00348
00349
00350
00351
00352
00353
00354
00355
00356
00358
00359
00360
00361
00362
00363
00364
00365
00368
00369
00370
00371
00373
00374
00375
00376
00377
00378
00379
00380
00382
00383
00384
00385
00388
00389
00390
00391
00392
00393
00394
00395
00396
00397
00398
00400
00402
00403
00404
00405
00406
00407
00408
00409
00410
00411
00412
00413
00414
00415
00416
00417
00418
00419
00420
00422
00423
00424
00425
00426
00427
00428
00429
00430
00431
00432
00433
00434
00435
00436
00437
00438
00439
00440
00441
00442
00444
00445
00446
00447
00448
00449
00450
00451
00452
00453
00455
00456
00457
00458
00459
00460
00461
00462
00463
00464
00465
00466
00467
00468
00469
00470
00471
00473
00474
00475
00476
00477
00479
00480
00481
00483
00484
00485
00486
00487
00488
00489
00490
00491
00492
00493
00494
00495
00496
00499
00500
00504
00505
00506
00508
00509
00511
00512
00513
00514
00515
00517
00518
00519
00520
00521
00522
00523
00525
00526
00527
00528
00529
00532
00533
00534
00535
00536
00537
00539
00540
00541
00542
00543
00546
00547
00548
00549
00550
00551
00552
00553
00554
00555
00556
00557
00558
00559
00560
00561
00562
00563
00565
00566
00567
00568
00569
00570
00571
00572
00573
00574
00575
00577
00579
00580
00581
00582
00584
00586
00587
00588
00589
00590
00591
00592
00593
00594
00595
00596
00597
00598
00599
00600
00602
00603
00604
00605
00606
00607
00608
00609
00610
00611
00612
00613
00614
00615
00616
00617
00618
00621
00622
00623
00624
00625
00626
00627
00628
00629
00630
00631
00632
00633
00634
00635
00636
00637
00638
00639
00640
00641
00642
00643
00644
00646
00647
00649
00650
00651
00652
00653
00654
00655
00656
00657
00658
00659
00660
00662
00663
00664
00665
00666
00667
00668
00669
00670
00671
00672
00673
00674
00676
00677
00678
00679
00680
00681
00682
00683
00684
00685
00686
00687
00688
00689
00690
00692
00693
00694
00695
00696
00697
00698
00699
00700
00701
00702
00703
00704
00705
00706
00707
00709
00710
00711
00712
00713
00714
00715
00716
00717
00718
00719
00720
00721
00722
00723
00724
00725
00726
00727
00728
00729
00731
00732
00733
00734
00735
00736
00737
00738
00739
00740
00741
00742
00744
00746
00747
00748
00749
00750
00751
00752
00753
00754
00755
00756
00757
00760
00761
00762
00764
00765
00766
00767
00768
00769
00770
00771
00772
00773
00774
00775
00776
00777
00778
00779
00780
00781
00782
00783
00784
00785
00787
00788
00789
00790
00791
00792
00793
00794
00795
00796
00797
00798
00799
00800
00801
00802
00803
00805
00806
00807
00808
00809
00811
00813
00814
00816
00817
00818
00819
00820
00821
00822
00823
00824
00826
00827
00828
00830
00831
00832
00833
00834
00835
00836
00839
00840
00841
00842
00843
00844
00845
00846
00847
00848
00850
00851
00852
00853
00854
00855
00856
00857
00858
00859
00860
00861
00862
00863
00864
00866
00867
00868
00869
00870
00871
00872
00873
00874
00875
00876
00877
00878
00879
00880
00881
00882
00884
00885
00887
00888
00889
00890
00891
00892
00893
00894
00895
00896
00897
00899
00900
00901
00902
00903
00904
00905
00907
00908
00909
00910
00911
00912
00913
00914
00915
00917
00918
00919
00920
00921
00922
00923
00924
00925
00926
00927
00928
00929
00930
00931
00932
00933
00934
00935
00936
00937
00938
00939
00940
00941
00942
00943
00944
00945
00946
00947
00949
00950
00951
00952
00953
00954
00955
00956
00957
00958
00959
00960
00961
00963
00964
00965
00966
00967
00968
00969
00970
00971
00972
00973
00974
00975
00976
00977
00979
00980
00981
00983
00985
00986
00988
00989
00990
00991
00993
00994
00995
00996
00999
01001
01003
01004
01005
01006
01007
01008
01009
01010
01011
01012
01013
01014
01015
01016
01017
01018
01019
01020
01021
01022
01023
01024
01025
01026
01031
01032
01033
01034
01035
01036
01037
01038
01039
01040
01041
01042
01043
01044
01045
01046
01047
01048
01049
01050
01051
01052
01053
01054
01055
01056
01057
01058
01059
01060
01061
01062
01063
01064
01065
01066
01067
01068
01069
01070
01071
01073
01074
01075
01076
01077
01078
01079
01080
01081
01082
01083
01084
01085
01086
01087
01088
01089
01090
01091
01092
01093
01095
01096
01097
01098
01099
01100
01101
01103
01104
01105
01106
01108
01109
01110
01111
01113
01114
01115
01116
01117
01118
01119
01120
01121
01122
01123
01124
01125
01126
01127
01128
01129
01130
01131
01132
01133
01134
01135
01136
01137
01138
01139
01140
01142
01143
01144
01146
01147
01148
01150
01151
01152
01154
01155
01156
01157
01158
01159
01160
01161
01162
01163
01164
01165
01167
01168
01169
01171
01173
01174
01175
01176
01177
01178
01179
01180
01181
01182
01183
01184
01185
01186
01187
01188
01189
01190
01191
01192
01193
01194
01195
01196
01197
01198
01199
01200
01201
01202
01203
01204
01205
01206
01207
01208
01209
01210
01211
01212
01213
01214
01215
01216
01217
01218
01219
01220
01221
01222
01223
01224
01225
01226
01227
01228
01229
01230
01231
01232
01233
01234
01235
01236
01237
01238
01239
01240
01241
01242
01243
01245
01246
01247
01249
01250
01251
01252
01253
01254
01255
01256
01257
01258
01259
01260
01261
01262
01263
01264
01266
01267
01268
01269
01270
01271
01272
01273
01274
01275
01276
01277
01278
01279
01280
01281
01282
01283
01284
01286
01287
01288
01289
01290
01291
01292
01293
01294
01295
01296
01297
01298
01299
01300
01303
01305
01306
01307
01308
01309
01310
01311
01312
01313
01314
01315
01316
01317
01319
01320
01321
01322
01323
01324
01326
01327
01328
01330
01331
01332
01333
01334
01335
01336
01337
01338
01339
01341
01342
01343
01344
01345
01346
01347
01348
01349
01350
01351
01352
01353
01354
01355
01356
01357
01358
01359
01360
01361
01362
01365
01366
01368
01369
01370
01371
01372
01375
01376
01377
01378
01379
01380
01381
01382
01383
01386
01387
01388
01389
01390
01391
01392
01393
01394
01395
01396
01398
01399
01400
01401
01403
01404
01405
01407
01408
01410
01411
01412
01413
01414
01415
01417
01418
01419
01420
01421
01422
01423
01424
01425
01426
01427
01428
01429
01430
01431
01432
01433
01434
01436
01437
01438
01439
01440
01441
01442
01443
01444
01445
01446
01447
01448
01449
01451
01452
01453
01455
01456
01457
01458
01459
01460
01461
01462
01463
01464
01465
01466
01467
01468
01469
01470
01472
01474
01475
01476
01477
01478
01479
01480
01481
01483
01484
01486
01487
01488
01489
01490
01491
01493
01494
01495
01496
01497
01498
01499
01502
01503
01504
01505
01506
01507
01508
01510
01511
01512
01513
01514
01515
01516
01517
01518
01519
01520
01521
01523
01524
01526
01527
01528
01529
01530
01531
01532
01533
01534
01535
01536
01537
01538
01539
01540
01541
01542
01543
01544
01545
01546
01548
01549
01550
01551
01553
01554
01556
01558
01559
01561
01562
01563
01565
01566
01567
01568
01569
01570
01571
01572
01573
01574
01575
01576
01577
01578
01579
01580
01582
01583
01584
01585
01586
01587
01588
01590
01591
01592
01593
01594
01595
01596
01597
01598
01599
01600
01601
01602
01603
01606
01608
01609
01610
01611
01612
01613
01614
01615
01617
01618
01619
01620
01621
01622
01623
01624
01625
01626
01627
01628
01629
01630
01631
01632
01633
01634
01635
01636
01637
01638
01640
01641
01642
01643
01644
01645
01646
01647
01648
01649
01650
01651
01652
01653
01654
01656
01657
01658
01659
01661
01662
01665
01666
01667
01668
01669
01671
01673
01674
01675
01676
01677
01678
01679
01680
01681
01682
01683
01685
01686
01687
01688
01689
01690
01691
01692
01693
01694
01695
01696
01697
01698
01699
01700
01701
01702
01703
01704
01705
01706
01707
01708
01709
01710
01711
01712
01713
01714
01715
01716
01717
01718
01719
01720
01721
01722
01723
01724
01725
01726
01727
01728
01729
01730
01731
01732
01733
01734
01736
01737
01738
01739
01740
01741
01742
01744
01745
01746
01747
01748
01749
01750
01751
01752
01753
01754
01755
01756
01757
01758
01760
01761
01762
01763
01764
01765
01766
01767
01768
01769
01770
01771
01773
01774
01775
01776
01777
01778
01779
01780
01781
01782
01783
01784
01785
01786
01787
01788
01789
01790
01791
01792
01793
01794
01795
01796
01797
01798
01800
01801
01802
01803
01804
01805
01806
01807
01808
01810
01811
01812
01813
01814
01815
01816
01818
01819
01820
01821
01822
01823
01824
01825
01827
01828
01831
01832
01833
01835
01836
01837
01838
01839
01840
01841
01842
01843
01844
01845
01846
01847
01848
01849
01852
01853
01854
01855
01856
01857
01858
01859
01860
01861
01862
01863
01864
01865
01867
01868
01869
01870
01871
01872
01873
01874
01875
01876
01877
01878
01879
01880
01881
01882
01883
01884
01885
01886
01887
01888
01889
01890
01891
01892
01893
01894
01895
01896
01897
01898
01899
01900
01901
01902
01903
01904
01905
01906
01907
01908
01909
01910
01911
01913
01914
01915
01916
01917
01918
01919
01920
01921
01922
01923
01924
01925
01926
01927
01928
01929
01930
01931
01932
01933
01934
01935
01937
01938
01939
01940
01941
01942
01943
01944
01945
01947
01948
01949
01950
01952
01953
01954
01955
01956
01958
01959
01960
01961
01962
01963
01964
01965
01966
01967
01968
01969
01970
01971
01972
01973
01974
01975
01976
01977
01978
01979
01980
01981
01982
01983
01984
01985
01986
01987
01988
01990
01991
01992
01993
01994
01995
01996
01997
01998
01999
02000
02001
02002
02003
02004
02005
02006
02007
02008
02009
02010
02013
02014
02016
02017
02019
02020
02022
02024
02025
02026
02027
02028
02029
02030
02031
02032
02033
02035
02036
02037
02038
02039
02040
02041
02042
02044
02046
02047
02049
02050
02051
02052
02053
02054
02055
02056
02058
02059
02060
02061
02062
02063
02064
02065
02066
02067
02068
02070
02071
02072
02073
02075
02076
02077
02078
02079
02080
02083
02084
02085
02086
02087
02088
02089
02090
02091
02092
02093
02094
02095
02097
02099
02800
02801
02803
02804
02805
02806
02807
02808
02809
02811
02812
02813
02814
02816
02817
02818
02819
02820
02821
02822
02823
02824
02825
02826
02828
02829
02830
02831
02832
02833
02835
02836
02837
02838
02839
02840
02841
02843
02846
02847
02848
02849
02851
02852
02853
02854
02855
02856
02857
02858
02859
02860
02862
02864
02865
02866
02867
02868
02869
02870
02872
02873
02874
02875
02876
02878
02879
02880
02882
02883
02884
02886
02887
02888
02889
02890
02891
02892
02893
02894
02895
02896
02897
02898
02899
02900
02901
02902
02903
02904
02905
02906
02907
02908
02909
02910
02911
02912
02913
02914
02915
02916
02918
02919
02920
02921
02922
02923
02924
02926
02927
02928
02929
02930
02932
02933
02934
02935
02936
02937
02938
02939
02940
02943
02944
02945
02946
02947
02948
02949
02950
02951
02952
02953
02954
02955
02956
02957
02958
02959
02961
02962
02963
02964
02965
02966
02967
02968
02969
02970
02971
02972
02973
02974
02975
02976
02977
02979
02980
02981
02984
02985
02987
02988
02989
02990
02991
02992
02993
02994
02995
02996
02998
02999
03000
03001
03002
03003
03004
03005
03006
03007
03009
03010
03011
03012
03013
03014
03015
03016
03017
03018
03019
03020
03022
03023
03024
03026
03027
03028
03029
03030
03031
03032
03035
03036
03037
03038
03039
03040
03041
03042
03043
03044
03045
03046
03047
03048
03049
03050
03051
03053
03054
03055
03056
03057
03058
03059
03060
03061
03062
03063
03064
03065
03068
03069
03070
03072
03073
03074
03075
03076
03077
03078
03079
03080
03081
03082
03083
03084
03085
03086
03087
03088
03090
03091
03092
03093
03094
03095
03096
03097
03098
03099
03100
03101
03102
03103
03104
03105
03106
03107
03108
03109
03111
03112
03113
03114
03116
03117
03118
03120
03121
03122
03123
03124
03125
03126
03127
03129
03130
03131
03132
03134
03136
03137
03138
03140
03141
03143
03144
03145
03146
03147
03148
03149
03150
03151
03152
03153
03154
03157
03158
03159
03160
03161
03162
03163
03164
03165
03166
03167
03168
03169
03170
03171
03172
03173
03174
03175
03176
03177
03178
03179
03180
03181
03182
03183
03184
03185
03186
03187
03188
03189
03190
03191
03192
03193
03196
03197
03198
03199
03200
03201
03203
03204
03205
03206
03207
03208
03209
03210
03211
03212
03213
03214
03215
03216
03217
03218
03219
03220
03221
03222
03223
03224
03225
03227
03228
03229
03230
03231
03232
03233
03234
03235
03236
03237
03238
03241
03242
03244
03245
03246
03247
03248
03249
03250
03251
03252
03253
03254
03255
03256
03257
03258
03259
03261
03263
03264
03265
03266
03267
03268
03269
03270
03271
03272
03273
03274
03275
03276
03277
03278
03279
03281
03282
03283
03284
03285
03286
03287
03288
03290
03291
03292
03293
03294
03295
03296
03297
03298
03299
03300
03301
03302
03303
03304
03305
03306
03307
03308
03309
03310
03311
03312
03313
03314
03315
03316
03317
03318
03319
03320
03321
03322
03323
03324
03325
03326
03327
03328
03329
03330
03332
03334
03335
03336
03337
03338
03340
03341
03342
03343
03344
03345
03346
03347
03348
03349
03350
03351
03353
03354
03355
03356
03357
03358
03359
03360
03361
03362
03363
03364
03365
03367
03368
03369
03370
03371
03372
03373
03374
03375
03376
03377
03379
03380
03381
03382
03383
03384
03385
03386
03387
03388
03389
03390
03391
03392
03393
03395
03396
03398
03399
03401
03403
03405
03406
03407
03408
03409
03410
03412
03413
03414
03415
03416
03417
03418
03419
03420
03421
03422
03423
03424
03425
03428
03429
03430
03431
03432
03433
03434
03435
03436
03437
03438
03439
03440
03441
03442
03443
03445
03446
03447
03448
03449
03450
03451
03452
03453
03454
03455
03456
03457
03458
03459
03461
03462
03463
03464
03465
03467
03468
03469
03470
03471
03472
03473
03474
03475
03476
03477
03478
03479
03480
03481
03482
03483
03484
03485
03486
03487
03488
03489
03490
03491
03492
03493
03494
03495
03496
03498
03499
03500
03501
03502
03504
03505
03506
03507
03508
03509
03510
03511
03512
03513
03514
03515
03531
03532
03533
03535
03536
03538
03539
03540
03541
03542
03543
03544
03545
03546
03547
03548
03549
03550
03551
03552
03553
03554
03555
03556
03557
03558
03559
03560
03561
03562
03563
03564
03565
03566
03567
03568
03570
03571
03572
03573
03574
03575
03576
03577
03578
03579
03580
03581
03583
03585
03586
03587
03588
03589
03591
03592
03593
03594
03595
03596
03597
03599
03600
03602
03603
03604
03605
03606
03607
03608
03609
03610
03611
03612
03613
03614
03615
03616
03617
03618
03619
03620
03621
03622
03623
03624
03625
03626
03627
03628
03629
03630
03632
03633
03634
03636
03637
03638
03639
03640
03642
03643
03644
03645
03646
03648
03649
03650
03651
03652
03653
03654
03655
03656
03658
03659
03660
03661
03663
03664
03665
03666
03667
03668
03669
03670
03671
03672
03673
03674
03675
03676
03677
03678
03679
03680
03681
03682
03683
03684
03685
03686
03687
03688
03689
03690
03691
03692
03693
03694
03695
03696
03697
03698
03700
03701
03702
03703
03704
03709
03710
03711
03713
03714
03715
03716
03717
03718
03719
03720
03721
03722
03723
03724
03725
03726
03727
03728
03729
03730
03736
03737
03738
03739
03740
03741
03742
03743
03744
03745
03746
03748
03749
03751
03752
03753
03754
03755
03756
03757
03758
03759
03760
03761
03762
03764
03765
03766
03767
03768
03770
03771
03772
03773
03774
03775
03776
03777
03778
03779
03780
03781
03782
03783
03784
03785
03786
03787
03788
03789
03790
03791
03792
03793
03794
03795
03796
03797
03798
03799
03800
03801
03802
03803
03804
03805
03806
03807
03808
03809
03810
03811
03812
03813
03815
03816
03817
03818
03819
03820
03821
03822
03823
03825
03827
03828
03829
03830
03831
03832
03833
03834
03835
03836
03837
03838
03839
03841
03842
03843
03844
03845
03847
03848
03849
03850
03851
03852
03853
03854
03855
03856
03857
03858
03859
03860
03861
03862
03863
03864
03865
03866
03867
03868
03869
03870
03872
03873
03874
03875
03876
03877
03878
03879
03880
03881
03882
03883
03884
03885
03886
03887
03888
03889
03890
03891
03893
03894
03895
03897
03898
03899
03900
03901
03902
03903
03904
03905
03906
03908
03909
03910
03911
03925
03926
03928
03929
03930
03931
03932
03935
03936
03937
03938
03939
03940
03941
03942
03943
03944
03945
03946
03947
03948
03949
03950
03951
03952
03953
03954
03955
03956
03957
03958
03959
03960
03961
03964
03965
03966
03967
03968
03969
03970
03971
03972
03973
03974
03975
03976
03977
03978
03979
03980
03981
03982
03983
03984
03985
03987
03988
03989
03990
03991
03993
03994
03995
03996
03997
03998
03999
04000
04001
04002
04003
04004
04005
04006
04008
04010
04011
04012
04013
04016
04017
04018
04019
04020
04021
04022
04023
04024
04025
04026
04027
04028
04029
04030
04031
04032
04033
04034
04035
04036
04037
04038
04039
04041
04042
04043
04044
04045
04046
04047
04048
04049
04050
04052
04053
04054
04055
04056
04057
04060
04061
04063
04064
04065
04066
04067
04068
04069
04070
04072
04073
04074
04075
04076
04077
04078
04080
04081
04082
04083
04084
04085
04086
04087
04088
04091
04092
04094
04096
04097
04098
04099
04100
04101
04102
04103
04104
04105
04106
04107
04109
04110
04111
04115
04116
04118
04119
04120
04121
04122
04124
04125
04126
04127
04128
04129
04130
04131
04132
04133
04134
04135
04136
04137
04138
04139
04140
04141
04142
04143
04144
04145
04146
04147
04148
04149
04150
04151
04152
04153
04154
04155
04156
04157
04158
04159
04160
04161
04162
04163
04165
04166
04167
04168
04169
04170
04171
04172
04174
04176
04177
04178
04179
04180
04181
04182
04183
04184
04186
04187
04188
04189
04190
04191
04192
04193
04194
04195
04196
04197
04198
04199
04200
04201
04202
04203
04204
04205
04206
04207
04208
04210
04211
04212
04213
04214
04215
04216
04217
04218
04219
04220
04222
04223
04224
04225
04226
04227
04228
04229
04230
04232
04234
04235
04236
04237
04238
04239
04240
04241
04243
04244
04245
04246
04247
04249
04250
04251
04252
04255
04256
04257
04258
04259
04260
04261
04262
04263
04264
04265
04266
04267
04268
04269
04271
04272
04273
04274
04276
04277
04278
04279
04280
04281
04282
04283
04284
04285
04286
04287
04289
04290
04291
04292
04293
04298
04299
04302
04303
04304
04305
04306
04307
04308
04309
04310
04311
04312
04313
04314
04315
04316
04317
04318
04319
04320
04321
04322
04323
04324
04325
04326
04327
04328
04329
04330
04331
04332
04333
04347
04348
04349
04350
04351
04352
04353
04354
04356
04357
04358
04359
04360
04361
04362
04363
04364
04365
04367
04368
04369
04371
04372
04373
04374
04375
04376
04377
04378
04379
04380
04382
04383
04419
04421
04422
04423
04424
04425
04426
04427
04428
04429
04430
04431
04432
04433
04434
04435
04436
04437
04438
04439
04440
04441
04443
04444
04445
04446
04447
04448
04449
04450
04451
04452
04453
04454
04455
04456
04457
04458
04459
04460
04461
04462
04463
04464
04465
04466
04467
04468
04469
04470
04471
04473
04474
04475
04476
04477
04478
04479
04480
04481
04482
04484
04485
04486
04487
04490
04491
04492
04493
04494
04495
04496
04497
04498
04499
04500
04501
04502
04503
04504
04505
04506
04507
04508
04509
04510
04511
04512
04513
04514
04515
04517
04518
04519
04520
04521
04522
04523
04524
04525
04526
04527
04530
04531
04533
04534
04535
04536
04537
04539
04540
04541
04543
04544
04545
04547
04548
04549
04550
04551
04552
04553
04554
04555
04556
04557
04559
04560
04561
04562
04563
04564
04565
04566
04568
04569
04570
04571
04572
04573
04574
04575
04576
04578
04579
04580
04581
04582
04583
04584
04585
04586
04587
04588
04589
04590
04592
04593
04594
04595
04596
04597
04598
04599
04601
04602
04603
04604
04605
04606
04607
04608
04609
04610
04611
04612
04613
04614
04615
04616
04618
04619
04621
04622
04623
04624
04625
04626
04627
04628
04629
04630
04631
04632
04633
04634
04635
04636
04637
04638
04639
04640
04641
04642
04643
04644
04645
04646
04647
04648
04650
04652
04653
04654
04655
04656
04657
04658
04659
04660
04661
04662
04663
04664
04665
04666
04667
04668
04669
04670
04671
04672
04674
04677
04678
04679
04680
04683
04684
04685
04686
04688
04690
04691
04692
04693
04694
04695
04696
04697
04698
04708
04709
04710
04711
04713
04715
04716
04717
04718
04719
04720
04721
04722
04723
04724
04740
04741
04743
04744
04745
04746
04747
04748
04749
04750
04751
04752
04753
04754
04755
04760
04761
04762
04763
04764
04765
04766
04767
04768
04769
04770
04771
04772
04773
04774
04775
04776
04777
04778
04779
04780
04781
04782
04783
04786
04787
04788
04789
04790
04791
04792
04793
04794
04795
04796
04797
04798
04800
04801
04802
04803
04804
04805
04806
04807
04808
04809
04810
04811
04812
04813
04816
04817
04818
04819
04830
04831
04832
04833
04834
04835
04836
04837
04838
04839
04840
04843
04844
04845
04846
04847
04848
04850
04852
04853
04854
04855
04856
04857
04858
04859
04860
04861
04862
04863
04864
04865
04866
04867
04868
04869
04870
04871
04872
04873
04874
04875
04876
04877
04879
04880
04881
04882
04886
04887
04888
04889
04891
04892
04893
04894
04895
04896
04897
04898
04899
04900
04901
04902
04903
04935
04936
04937
04938
04939
04940
04941
04942
04943
04944
04945
04946
04947
04948
04949
04950
04951
04952
04953
04954
04955
04957
04958
04960
04961
04962
04963
04964
04965
04966
04967
04968
04969
04970
04971
04972
04973
05041
05042
05043
05044
05045
05046
05048
05049
05050
05051
05052
05053
05054
05055
05056
05057
05058
05059
05060
05062
05063
05064
05065
05066
05067
05068
05070
05071
05072
05073
05074
05075
05076
05078
05081
05082
05083
05084
05085
05086
05087
05088
05089
05090
05091
05092
05093
05094
05096
05097
05098
05099
05100
05101
05102
05103
05104
05105
05106
05107
05108
05109
05110
05111
05112
05113
05114
05115
05116
05117
05118
05119
05120
05122
05123
05124
05125
05126
05127
05128
05129
05130
05131
05132
05133
05134
05135
05136
05137
05138
05139
05140
05141
05142
05143
05144
05145
05146
05147
05148
05149
05150
05151
05152
05260
05261
05262
05263
05265
05266
05267
05268
05270
05271
05273
05274
05275
05276
05277
05278
05279
05280
05281
05283
05284
05285
05286
05288
05289
05290
05291
05292
05293
05295
05296
05297
05298
05299
05300
05301
05302
05304
05305
05306
05307
05308
05309
05310
05311
05312
05313
05314
05315
05316
05317
05318
05319
05320
05322
05323
05324
05386
05387
05388
05389
05392
05393
05394
05395
05396
05397
05398
05399
05400
05401
05402
05404
05405
05406
05407
05408
05409
05410
05412
05413
05414
05415
05416
05417
05418
05419
05420
05422
05423
05424
05425
05432
05433
05434
05435
05436
05437
05438
05439
05440
05441
05442
05488
05489
05490
05491
05492
05493
05494
05495
05496
05497
05498
05499
05500
05501
05502
05503
05504
05505
05506
05507
05508
05509
05510
05511
05512
05513
05514
05517
05518
05519
05520
05521
05522
05523
05524
05525
05526
05527
05528
05529
05530
05531
05533
05534
05535
05536
05537
05538
05539
05540
05542
05543
05544
05545
05547
05548
05549
05550
05551
05552
05553
05554
05555
05556
05557
05558
05559
05560
05562
05563
05564
05565
05566
05567
05568
05569
05570
05571
05572
05573
05575
05576
05577
05578
05580
05581
05582
05583
05584
05585
05586
05588
05590
05592
05593
05594
05595
05596
05597
05598
05599
05600
05601
05602
05603
05604
05605
05606
05607
05608
05609
05610
05611
05614
05615
05616
05617
05618
05620
05621
05622
05624
05625
05626
05627
05628
05629
05630
05631
05632
05633
05634
05635
05636
05638
05639
05640
05641
05642
05643
05644
05645
05646
05647
05648
05650
05651
05655
05656
05657
05658
05659
05660
05661
05662
05663
05664
05665
05666
05667
05668
05669
05671
05673
05675
05676
05677
05678
05679
05680
05681
05682
05683
05684
05685
05686
05687
05688
05689
05690
05692
05693
05694
05695
05696
05697
05698
05699
05700
05701
05702
05703
05704
05705
05707
05708
05709
05710
05711
05712
05713
05714
05715
05716
05717
05718
05719
05720
05721
05722
05728
05729
05731
05732
05733
05734
05735
05736
05737
05740
05741
05742
05743
05744
05745
05746
05747
05748
05749
05750
05751
05752
05753
05754
05755
05757
05758
05759
05760
05761
05762
05763
05764
05765
05766
05767
05769
05770
05772
05773
05775
05776
05777
05778
05779
05780
05781
05782
05783
05785
05786
05787
05788
05789
05790
05792
05793
05795
05796
05798
05799
05800
05801
05802
05803
05804
05805
05806
05807
05808
05810
05811
05812
05813
05814
05815
05816
05817
05818
05819
05820
05821
05822
05823
05825
05826
05827
05828
05829
05830
05832
05833
05834
05836
05837
05838
05839
05840
05841
05842
05844
05845
05846
05847
05848
05849
05850
05851
05853
05854
05856
05857
05858
05859
05860
05861
05862
05863
05864
05865
05866
05867
05868
05869
05871
05872
05873
05874
05875
05876
05877
05878
05879
05880
05881
05882
05883
05884
05885
05887
05888
05889
05890
05892
05893
05894
05895
05896
05897
05898
05899
05900
05901
05902
05903
05904
05905
05906
05908
05909
05910
05912
05913
05914
05915
05916
05917
05918
05919
05920
05921
05922
05923
05924
05925
05926
05927
05928
05930
05931
05932
05933
05934
05935
05936
05937
05938
05939
05940
05941
05943
05944
05945
05946
05947
05948
05951
05952
05953
05954
05955
05967
05968
05969
05970
05971
05972
05973
05974
05975
05976
05977
05978
05979
05980
05981
05982
05983
05984
05985
05986
05987
05989
05991
05992
05993
05994
05995
05996
05997
05998
05999
06001
06002
06003
06004
06005
06006
06007
06008
06009
06010
06011
06012
06013
06014
06015
06016
06017
06018
06019
06020
06021
06022
06023
06024
06026
06027
06028
06029
06030
06031
06032
06034
06035
06036
06037
06039
06040
06041
06042
06043
06044
06045
06050
06051
06052
06053
06054
06055
06056
06057
06060
06061
06062
06063
06064
06065
06066
06067
06069
06070
06071
06072
06074
06075
06076
06077
06078
06079
06080
06081
06082
06083
06084
06085
06087
06088
06089
06090
06091
06092
06095
06096
06097
06098
06099
06100
06101
06102
06103
06104
06105
06106
06107
06108
06109
06110
06111
06112
06113
06114
06115
06116
06117
06118
06119
06120
06122
06124
06126
06128
06129
06130
06131
06132
06133
06134
06135
06136
06137
06138
06139
06140
06141
06142
06143
06145
06146
06147
06148
06149
06150
06151
06152
06153
06154
06155
06156
06157
06158
06159
06160
06161
06162
06163
06164
06165
06166
06167
06168
06169
06170
06171
06172
06173
06174
06175
06176
06177
06178
06179
06180
06181
06182
06183
06184
06185
06186
06187
06188
06189
06190
06191
06193
06194
06195
06196
06198
06199
06200
06201
06202
06203
06204
06205
06206
06207
06209
06210
06211
06212
06213
06214
06215
06216
06217
06218
06219
06220
06221
06223
06224
06225
06226
06227
06228
06229
06230
06231
06232
06233
06234
06235
06236
06237
06238
06239
06240
06244
06246
06247
06248
06249
06250
06251
06252
06253
06254
06255
06256
06257
06258
06259
06260
06261
06262
06263
06264
06265
06266
06267
06268
06270
06271
06272
06273
06274
06275
06276
06277
06278
06279
06280
06281
06282
06283
06284
06286
06287
06289
06290
06291
06292
06294
06295
06296
06298
06300
06301
06302
06303
06304
06305
06306
06307
06308
06309
06310
06312
06313
06314
06315
06316
06317
06318
06319
06321
06323
06324
06326
06327
06328
06329
06333
06334
06335
06336
06337
06339
06341
06342
06343
06344
06345
06346
06347
06348
06349
06350
06351
06353
06354
06355
06356
06357
06358
06359
06360
06361
06362
06364
06365
06366
06369
06370
06371
06372
06373
06374
06375
06376
06377
06378
06379
06380
06382
06383
06384
06385
06386
06388
06389
06390
06391
06392
06393
06394
06395
06396
06397
06398
06399
06400
06402
06403
06404
06405
06407
06408
06409
06411
06412
06413
06414
06415
06467
06468
06469
06470
06471
06472
06473
06474
06476
06477
06478
06479
06480
06481
06484
06542
06543
06544
06545
06546
06547
06548
06549
06551
06552
06553
06554
06555
06556
06557
06558
06559
06560
06561
06562
06563
06564
06565
06566
06567
06568
06569
06570
06571
06572
06573
06574
06575
06576
06577
06578
06579
06580
06581
06582
06583
06584
06585
06586
06587
06588
06589
06590
06591
06592
06594
06595
06596
06597
06598
06599
06600
06601
06602
06603
06605
06606
06608
06609
06610
06611
06612
06613
06614
06615
06616
06617
06618
06619
06620
06621
06622
06624
06625
06626
06627
06628
06629
06630
06631
06632
06633
06634
06635
06636
06637
06638
06639
06640
06641
06642
06643
06644
06646
06647
06649
06650
06651
06652
06653
06654
06655
06656
06657
06658
06659
06660
06661
06662
06664
06666
06667
06668
06669
06670
06671
06672
06673
06674
06675
06676
06677
06678
06679
06680
06681
06682
06683
06684
06685
06686
06687
06688
06689
06690
06691
06692
06693
06695
06696
06697
06698
06699
06700
06701
06702
06703
06704
06705
06706
06707
06709
06711
06712
06713
06714
06715
06716
06718
06719
06720
06722
06723
06724
06725
06726
06727
06728
06729
06730
06731
06733
06734
06735
06738
06739
06740
06742
06743
06744
06745
06746
06747
06748
06749
06750
06751
06752
06753
06754
06755
06756
06757
06758
06759
06760
06761
06762
06763
06764
06765
06766
06768
06769
06770
06771
06772
06773
06774
06775
06776
06777
06778
06779
06780
06782
06783
06784
06785
06786
06787
06788
06789
06790
06791
06792
06793
06794
06795
06796
06797
06798
06799
06800
06801
06802
06803
06804
06805
06806
06807
06808
06809
06811
06812
06814
06816
06817
06818
06819
06820
06821
06822
06824
06825
06826
06827
06828
06829
06830
06831
06832
06834
06835
06837
06838
06840
06841
06842
06843
06845
06846
06847
06848
06849
06850
06851
06852
06853
06854
06855
06856
06857
06858
06859
06860
06861
06862
06863
06864
06865
06866
06867
06868
06869
06870
06871
06872
06873
06874
06875
06876
06877
06878
06879
06881
06882
06885
06886
06897
06898
06900
06901
06902
06903
06904
06905
06906
06907
06908
06910
06911
06912
06913
06914
06915
06916
06917
06918
06920
06921
06922
06923
06925
06926
06927
06928
06929
06930
06931
06932
06933
06934
06935
06936
06937
06938
06939
06940
06942
06943
06944
06945
06946
06947
06948
06949
06950
06951
06952
06953
06954
06956
06957
06958
06959
06960
06961
06962
06964
06965
06966
06967
06968
06969
06971
06972
06973
06975
06976
06977
06979
06980
06981
06982
06983
06984
06985
06986
06987
06988
06989
06990
06991
06993
06994
06995
06996
06998
06999
07000
07001
07002
07003
07004
07005
07006
07007
07008
07009
07010
07011
07012
07013
07017
07018
07019
07020
07021
07022
07023
07024
07025
07027
07028
07029
07030
07031
07032
07034
07035
07036
07037
07038
07039
07040
07041
07042
07043
07044
07047
07048
07049
07050
07051
07052
07053
07054
07055
07056
07057
07059
07060
07061
07062
07064
07065
07066
07067
07068
07069
07070
07071
07072
07074
07075
07076
07077
07078
07079
07080
07081
07083
07084
07085
07087
07089
07090
07091
07092
07093
07094
07095
07096
07097
07099
07101
07102
07103
07104
07105
07106
07107
07108
07109
07110
07111
07112
07114
07115
07116
07117
07118
07119
07120
07121
07123
07124
07125
07175
07176
07177
07178
07179
07180
07181
07182
07183
07184
07185
07186
07187
07188
07189
07191
07192
07193
07194
07195
07198
07199
07200
07201
07202
07203
07204
07205
07206
07207
07208
07209
07210
07211
07212
07213
07214
07215
07216
07217
07218
07219
07220
07221
07222
07223
07224
07225
07226
07227
07228
07229
07230
07231
07232
07233
07234
07235
07236
07237
07238
07239
07240
07241
07242
07243
07244
07245
07246
07247
07248
07249
07250
07251
07252
07253
07254
07255
07256
07257
07258
07259
07260
07261
07262
07263
07264
07265
07266
07267
07268
07271
07272
07273
07274
07276
07277
07278
07279
07280
07281
07282
07283
07284
07285
07286
07287
07288
07289
07290
07291
07292
07293
07294
07295
07296
07298
07299
07300
07301
07302
07303
07304
07305
07307
07309
07310
07311
07312
07313
07314
07315
07316
07321
07322
07323
07325
07326
07327
07328
07329
07330
07331
07332
07333
07334
07335
07336
07337
07338
07339
07341
07342
07343
07344
07345
07346
07347
07348
07349
07350
07351
07352
07353
07354
07355
07356
07358
07359
07360
07361
07362
07429
07430
07431
07432
07433
07434
07435
07436
07437
07438
07440
07441
07442
07443
07444
07445
07447
07448
07449
07450
07451
07452
07453
07454
07455
07456
07457
07458
07459
07460
07461
07462
07463
07466
07468
07469
07470
07471
07472
07476
07477
07478
07479
07480
07481
07482
07483
07484
07485
07486
07487
07488
07489
07490
07515
07516
07517
07519
07520
07521
07522
07524
07526
07527
07528
07529
07530
07534
07535
07536
07538
07539
07540
07541
07542
07543
07544
07545
07546
07547
07548
07549
07550
07552
07553
07554
07555
07556
07566
07567
07569
07570
07571
07572
07573
07574
07576
07577
07579
07580
07581
07582
07583
07584
07586
07587
07588
07589
07590
07591
07592
07593
07594
07595
07596
07597
07599
07600
07601
07602
07603
07604
07605
07606
07607
07608
07609
07610
07611
07612
07613
07614
07615
07616
07618
07619
07620
07621
07622
07623
07624
07625
07626
07627
07628
07629
07631
07632
07633
07635
07637
07639
07640
07641
07642
07643
07645
07646
07647
07648
07649
07650
07651
07652
07653
07654
07655
07656
07657
07659
07660
07661
07662
07663
07664
07665
07666
07667
07668
07669
07671
07672
07673
07677
07679
07680
07681
07682
07683
07684
07685
07686
07687
07688
07689
07690
07691
07692
07693
07694
07695
07696
07697
07698
07699
07700
07701
07702
07703
07704
07705
07706
07708
07709
07710
07712
07713
07714
07715
07716
07717
07718
07719
07720
07721
07722
07723
07724
07726
07728
07729
07730
07731
07732
07733
07734
07735
07736
07738
07739
07740
07741
07742
07743
07744
07745
07746
07747
07748
07749
07750
07751
07752
07753
07754
07755
07756
07757
07758
07759
07760
07761
07763
07764
07765
07766
07767
07768
07769
07770
07771
07772
07773
07774
07775
07776
07777
07778
07779
07780
07781
07782
07783
07784
07785
07786
07787
07788
07789
07790
07791
07792
07793
07794
07795
07819
07820
07821
07823
07824
07825
07826
07827
07828
07829
07830
07831
07832
07833
07835
07836
07837
07838
07839
07840
07842
07843
07844
07848
07850
07851
07853
07867
07868
07869
07871
07872
07873
07875
07876
07879
07880
07881
07884
07885
07886
07887
07888
07890
07891
07892
07895
07896
07898
07899
07901
07902
07903
07904
07905
07906
07907
07909
07910
07912
07913
07914
07915
07916
07917
07918
07919
07920
07921
07922
07923
07924
07925
07927
07928
07929
07930
07931
07932
07956
07957
07958
07959
07960
07961
07962
07963
07964
07965
07966
07967
07968
07969
07970
07971
07972
07973
07975
07976
07977
07979
07980
07981
07982
07983
07984
07986
07987
07988
07989
07990
07991
07992
07993
07995
07996
07997
07998
07999
08000
08001
08002
08003
08004
08007
08008
08009
08010
08011
08012
08013
08014
08015
08016
08017
08018
08019
08020
08021
08022
08023
08024
08034
08035
08036
08037
08038
08039
08040
08041
08042
08043
08044
08045
08046
08047
08048
08050
08051
08052
08053
08056
08057
08058
08059
08060
08061
08063
08064
08067
08068
08070
08071
08072
08073
08074
08075
08078
08079
08080
08082
08083
08085
08086
08087
08088
08089
08090
08091
08092
08093
08094
08095
08096
08098
08099
08100
08101
08102
08103
08104
08105
08106
08107
08108
08109
08110
08111
08112
08113
08116
08117
08118
08119
08120
08121
08122
08123
08124
08125
08126
08127
08128
08129
08130
08131
08132
08133
08134
08135
08136
08137
08138
08140
08141
08142
08143
08145
08146
08147
08148
08149
08150
08155
08156
08157
08158
08159
08160
08161
08162
08164
08165
08166
08167
08169
08170
08171
08172
08173
08174
08175
08177
08178
08179
08180
08182
08183
08184
08185
08186
08187
08188
08189
08190
08191
08192
08193
08194
08195
08196
08197
08198
08199
08201
08203
08204
08205
08206
08209
08210
08211
08212
08214
08215
08216
08217
08218
08219
08220
08221
08222
08223
08224
08225
08227
08228
08230
08231
08235
08236
08237
08238
08239
08240
08241
08243
08244
08245
08246
08248
08249
08250
08252
08253
08254
08255
08256
08257
08258
08260
08261
08262
08263
08264
08265
08266
08267
08268
08269
08270
08271
08272
08273
08274
08294
08295
08296
08297
08298
08299
08301
08302
08303
08304
08305
08306
08307
08308
08309
08310
08311
08312
08313
08316
08317
08318
08319
08321
08322
08323
08324
08325
08326
08327
08328
08329
08331
08332
08334
08335
08336
08337
08338
08339
08340
08341
08342
08343
08344
08345
08346
08347
08348
08349
08350
08351
08352
08354
08355
08368
08369
08370
08371
08372
08373
08374
08375
08376
08377
08378
08379
08380
08381
08382
08383
08384
08385
08429
08430
08431
08432
08433
08434
08435
08437
08438
08439
08440
08441
08442
08443
08444
08445
08446
08447
08448
08450
08451
08452
08453
08454
08455
08456
08457
08458
08459
08460
08462
08463
08464
08465
08466
08467
08468
08487
08488
08489
08490
08491
08492
08493
08494
08495
08496
08497
08498
08499
08500
08502
08503
08504
08505
08506
08507
08508
08509
08510
08511
08512
08513
08514
08515
08516
08517
08518
08519
08520
08521
08523
08524
08525
08526
08527
08528
08529
08530
08531
08532
08533
08534
08535
08536
08537
08538
08539
08540
08541
08543
08544
08545
08546
08547
08548
08549
08550
08551
08552
08553
08554
08555
08556
08557
08558
08559
08560
08561
08562
08563
08564
08565
08566
08567
08568
08569
08570
08571
08572
08573
08574
08576
08577
08578
08579
08580
08581
08582
08583
08585
08586
08587
08588
08589
08590
08591
08592
08593
08596
08597
08598
08601
08602
08603
08604
08605
08606
08607
08608
08609
08611
08612
08613
08614
08616
08617
08618
08619
08620
08621
08623
08624
08625
08626
08627
08629
08630
08631
08632
08633
08634
08635
08636
08637
08638
08639
08640
08641
08642
08643
08644
08646
08647
08648
08649
08651
08652
08653
08654
08655
08656
08657
08658
08659
08660
08661
08662
08663
08664
08665
08667
08669
08671
08672
08674
08675
08676
08677
08678
08679
08680
08681
08682
08683
08684
08685
08686
08687
08688
08689
08690
08691
08693
08694
08695
08696
08697
08698
08699
08700
08701
08702
08703
08704
08705
08707
08708
08709
08710
08711
08712
08713
08714
08715
08716
08717
08718
08719
08720
08721
08722
08724
08725
08726
08727
08728
08729
08730
08732
08733
08735
08736
08737
08738
08739
08740
08741
08742
08743
08744
08745
08746
08747
08748
08749
08751
08752
08753
08754
08755
08756
08757
08758
08759
08760
08761
08762
08763
08764
08765
08766
08767
08768
08769
08770
08771
08772
08773
08774
08775
08776
08777
08778
08779
08780
08781
08782
08783
08784
08785
08786
08787
08788
08789
08790
08791
08792
08793
08794
08795
08796
08797
08798
08799
08800
08801
08802
08803
08804
08805
08806
08807
08808
08809
08810
08811
08812
08813
08815
08816
08817
08818
08819
08820
08822
08823
08824
08825
08826
08828
08832
08833
08834
08835
08836
08837
08838
08839
08840
08841
08842
08843
08844
08845
08847
08849
08850
08851
08852
08853
08854
08855
08856
08857
08858
08859
08860
08861
08862
08863
08864
08865
08866
08867
08868
08869
08870
08871
08872
08873
08874
08875
08876
08877
08878
08881
08882
08883
08884
08886
08887
08888
08890
08891
08892
08893
08894
08895
08897
08930
08931
08932
08933
08934
08936
08937
08938
08939
08940
08941
08942
08943
08944
08945
08946
08947
08948
08949
08950
08951
08952
08953
08954
08955
08957
08958
08959
08960
08961
08962
08964
08965
08966
08967
08968
08969
08970
08971
08972
08973
08974
08975
08976
08977
08978
08979
08980
08981
08982
08983
08984
09010
09011
09012
09013
09014
09015
09016
09017
09018
09019
09020
09021
09022
09023
09024
09025
09027
09028
09029
09030
09031
09032
09033
09035
09036
09037
09038
09039
09040
09041
09042
09043
09044
09045
09046
09047
09049
09053
09054
09055
09056
09057
09058
09059
09060
09061
09062
09063
09064
09065
09114
09115
09116
09117
09118
09119
09120
09122
09123
09124
09125
09126
09128
09130
09131
09132
09133
09134
09135
09136
09137
09138
09139
09140
09141
09142
09143
09145
09146
09147
09148
09149
09150
09151
09152
09153
09155
09156
09157
09158
09159
09197
09198
09199
09200
09201
09202
09203
09204
09205
09206
09207
09209
09210
09211
09212
09213
09214
09215
09216
09219
09220
09221
09222
09223
09224
09225
09226
09227
09228
09230
09231
09232
09234
09235
09236
09237
09238
09239
09240
09241
09242
09243
09244
09245
09246
09273
09274
09275
09277
09278
09279
09280
09281
09282
09283
09284
09285
09288
09289
09291
09292
09293
09295
09296
09297
09298
09299
09301
09303
09304
09305
09306
09307
09308
09309
09310
09311
09312
09313
09314
09316
09317
09318
09319
09320
09321
09322
09323
09324
09325
09326
09327
09328
09329
09330
09331
09332
09333
09334
09335
09336
09337
09338
09339
09340
09342
09343
09344
09345
09346
09347
09348
09370
09371
09372
09373
09375
09376
09377
09378
09379
09380
09381
09382
09383
09384
09385
09386
09387
09388
09389
09390
09391
09392
09393
09394
09395
09396
09397
09398
09399
09400
09401
09403
09404
09406
09407
09408
09409
09410
09411
09412
09413
09414
09415
09417
09418
09419
09420
09422
09423
09424
09425
09426
09475
09476
09477
09478
09479
09480
09481
09483
09484
09485
09486
09488
09489
09490
09491
09492
09493
09494
09496
09497
09498
09499
09500
09501
09502
09503
09504
09505
09506
09507
09508
09510
09511
09513
09514
09515
09516
09517
09518
09519
09520
09521
09522
09523
09524
09525
09526
09528
09529
09531
09532
09533
09534
09535
09537
09538
09539
09540
09541
09543
09544
09545
09547
09550
09551
09552
09553
09554
09556
09557
09559
09560
09561
09562
09563
09564
09565
09566
09567
09568
09569
09570
09571
09572
09573
09574
09575
09576
09577
09578
09579
09580
09581
09583
09584
09585
09586
09587
09589
09590
09592
09593
09594
09652
09653
09654
09655
09656
09657
09659
09660
09662
09663
09664
09665
09666
09667
09669
09670
09671
09672
09674
09675
09676
09677
09678
09680
09688
09689
09690
09691
09692
09694
09695
09696
09697
09698
09699
09700
09708
09709
09710
09711
09712
09713
09714
09715
09716
09717
09719
09720
09721
09722
09723
09724
09725
09726
09727
09728
09729
09730
09731
09732
09733
09734
09735
09736
09737
09738
09739
09740
09741
09742
09743
09744
09745
09746
09747
09748
09749
09750
09751
09752
09753
09754
09755
09756
09757
09758
09759
09760
09761
09762
09764
09765
09766
09767
09768
09769
09771
09774
09775
09777
09779
09780
09781
09783
09784
09785
09787
09788
09789
09790
09791
09793
09794
09795
09796
09797
09798
09799
09800
09801
09802
09803
09804
09805
09806
09807
09808
09809
09811
09813
09814
09815
09816
09818
09819
09820
09821
09822
09824
09825
09826
09827
09828
09829
09830
09832
09833
09834
09835
09836
09837
09838
09839
09841
09842
09843
09844
09845
09846
09847
09848
09849
09850
09851
09853
09854
09855
09857
09858
09859
09861
09862
09865
09866
09867
09868
09869
09870
09871
09872
09873
09874
09875
09876
09877
09878
09879
09881
09882
09883
09884
09885
09886
09887
09888
09889
09890
09891
09892
09894
09895
09896
09898
09899
09900
09901
09902
09903
09904
09905
09906
09907
09908
09909
09911
09912
09913
09914
09915
09916
09917
09918
09920
09921
09922
09923
09924
09925
09926
09927
09928
09929
09930
09931
09932
09933
09934
09936
09937
09938
09940
09941
09942
09943
09944
09945
09946
09947
09948
09951
09952
09953
09954
09955
09957
09958
09969
09970
09971
09972
09973
09974
09975
09976
09979
09981
09982
09983
09984
09985
09986
09987
09989
09990
09991
09992
09993
09994
10005
10006
10007
10008
10009
10010
10011
10012
10014
10015
10016
10018
10019
10020
10022
10023
10025
10026
10027
10028
10029
10030
10031
10032
10033
10034
10035
10036
10037
10038
10040
10041
10042
10043
10044
10045
10046
10047
10048
10049
10050
10051
10052
10053
10054
10055
10057
10058
10060
10061
10063
10064
10065
10066
10067
10068
10069
10070
10071
10072
10073
10074
10075
10076
10077
10078
10079
10080
10081
10082
10083
10084
10085
10086
10087
10088
10090
10092
10093
10094
10095
10096
10098
10099
10100
10101
10102
10103
10104
10105
10106
10107
10108
10109
10110
10112
10113
10114
10115
10116
10117
10118
10119
10122
10123
10124
10125
10126
10127
10128
10130
10131
10132
10133
10134
10135
10136
10137
10138
10139
10141
10142
10143
10144
10145
10146
10147
10148
10149
10151
10153
10154
10155
10156
10157
10158
10160
10161
10162
10163
10164
10165
10166
10167
10168
10169
10170
10171
10172
10173
10176
10177
10178
10179
10180
10181
10182
10183
10184
10185
10187
10188
10189
10190
10191
10192
10193
10194
10195
10196
10197
10198
10199
10200
10201
10202
10205
10206
10207
10208
10209
10210
10212
10213
10214
10215
10216
10217
10218
10219
10222
10223
10224
10225
10226
10227
10228
10229
10231
10232
10233
10234
10238
10239
10240
10241
10242
10243
10244
10245
10246
10247
10248
10250
10251
10252
10253
10254
10255
10256
10280
10281
10282
10283
10284
10285
10286
10287
10288
10289
10290
10291
10292
10293
10295
10296
10297
10298
10409
10410
10411
10412
10413
10414
10416
10417
10418
10419
10420
10421
10422
10424
10425
10426
10428
10429
10430
10431
10432
10433
10434
10435
10436
10437
10438
10439
10441
10442
10443
10507
10509
10510
10511
10513
10514
10515
10516
10518
10519
10522
10523
10525
10526
10527
10528
10529
10530
10531
10532
10533
10535
10536
10537
10538
10540
10541
10542
10543
10544
10545
10546
10547
10548
10549
10550
10551
10552
10553
10554
10555
10556
10557
10558
10559
10560
10561
10562
10563
10564
10565
10566
10569
10570
10571
10572
10573
10574
10575
10576
10577
10578
10580
10581
10582
10583
10584
10585
10586
10587
10589
10590
10591
10592
10593
10594
10595
10596
10597
10598
10599
10600
10601
10602
10603
10604
10605
10606
10607
10608
10609
10610
10611
10612
10613
10614
10615
10616
10617
10618
10619
10620
10622
10623
10625
10626
10627
10629
10630
10631
10633
10634
10635
10636
10637
10638
10639
10640
10641
10642
10643
10644
10645
10646
10647
10648
10649
10650
10651
10652
10653
10654
10655
10657
10658
10660
10661
10663
10664
10665
10666
10667
10668
10669
10670
10671
10672
10673
10674
10675
10676
10677
10678
10679
10680
10681
10682
10683
10684
10685
10686
10687
10688
10689
10690
10691
10692
10693
10694
10695
10697
10698
10699
10700
10701
10702
10703
10704
10705
10706
10707
10708
10709
10710
10711
10712
10713
10714
10715
10716
10717
10718
10719
10720
10721
10722
10723
10724
10725
10726
10728
10730
10731
10733
10734
10736
10737
10738
10739
10740
10741
10742
10743
10744
10745
10746
10747
10748
10749
10750
10751
10753
10754
10755
10756
10757
10765
10766
10767
10769
10770
10771
10772
10773
10774
10775
10776
10777
10778
10779
10780
10781
10783
10784
10785
10786
10787
10788
10789
10791
10792
10793
10794
10795
10796
10798
10800
10801
10802
10803
10804
10805
10806
10807
10808
10809
10810
10811
10812
10813
10814
10815
10816
10817
10818
10819
10820
10821
10822
10823
10824
10825
10827
10828
10829
10831
10832
10833
10834
10835
10836
10837
10838
10839
10840
10841
10842
10843
10845
10847
10848
10849
10850
10851
10852
10853
10854
10855
10856
10857
10858
10859
10860
10861
10862
10863
10864
10865
10866
10868
10869
10870
10871
10872
10873
10874
10875
10876
10877
10879
10880
10881
10882
10883
10884
10885
10886
10887
10888
10889
10890
10891
10892
10893
10894
10895
10896
10897
10898
10901
10903
10904
10905
10906
10907
10908
10909
10910
10911
10912
10913
10914
10915
10916
10917
10919
10920
10921
10922
10923
10924
10925
10926
10927
10929
10930
10932
10933
10934
10935
10936
10937
10938
10939
10940
10941
10942
10943
10944
10945
10946
10947
10948
10949
10950
10951
10952
10953
10956
10957
10958
10959
10960
10961
10962
10964
10965
10966
10967
10968
10971
10972
10973
10974
10975
10976
10977
10978
10979
10980
10981
10982
10983
10984
10986
10987
10988
10989
10990
10991
10992
10993
10994
10995
10996
10997
10998
10999
11000
11001
11002
11003
11004
11005
11006
11007
11008
11009
11010
11011
11012
11013
11014
11015
11016
11017
11018
11019
11020
11021
11023
11024
11025
11028
11029
11030
11031
11032
11033
11034
11035
11036
11037
11038
11039
11040
11041
11042
11043
11044
11045
11046
11047
11048
11049
11050
11055
11056
11057
11058
11060
11061
11062
11063
11064
11065
11066
11067
11068
11069
11070
11071
11072
11073
11074
11075
11076
11077
11078
11079
11080
11081
11082
11083
11084
11085
11086
11087
11088
11089
11090
11091
11092
11093
11094
11095
11096
11097
11098
11099
11100
11101
11102
11104
11105
11106
11107
11108
11109
11110
11111
11112
11113
11114
11115
11116
11117
11118
11119
11120
11121
11123
11124
11125
11126
11127
11128
11129
11131
11132
11134
11135
11138
11140
11141
11142
11143
11144
11145
11147
11148
11149
11151
11152
11153
11154
11155
11156
11157
11158
11160
11161
11162
11163
11164
11165
11166
11168
11169
11170
11171
11172
11173
11174
11175
11176
11177
11178
11179
11180
11181
11182
11183
11186
11187
11188
11189
11190
11192
11193
11194
11195
11196
11197
11198
11199
11201
11202
11204
11206
11207
11210
11211
11212
11213
11214
11216
11217
11218
11219
11222
11223
11224
11225
11226
11231
11232
11234
11235
11236
11237
11239
11240
11241
11242
11243
11244
11245
11246
11247
11248
11249
11250
11251
11252
11253
11254
11255
11257
11258
11259
11260
11261
11262
11263
11264
11265
11266
11267
11268
11269
11270
11271
11272
11273
11274
11275
11276
11277
11278
11280
11281
11282
11283
11284
11285
11286
11288
11289
11290
11291
11292
11293
11294
11295
11296
11297
11299
11300
11301
11302
11303
11304
11305
11306
11307
11308
11309
11310
11311
11312
11313
11315
11316
11317
11318
11319
11320
11321
11322
11323
11324
11325
11326
11327
11328
11329
11330
11331
11332
11333
11334
11335
11337
11338
11339
11340
11341
11342
11343
11344
11345
11346
11347
11348
11349
11350
11351
11352
11353
11354
11356
11357
11358
11359
11360
11361
11362
11363
11364
11365
11366
11367
11368
11370
11371
11372
11373
11374
11375
11376
11377
11378
11379
11381
11382
11383
11384
11385
11386
11387
11388
11389
11390
11392
11393
11394
11395
11397
11398
11399
11400
11403
11405
11406
11407
11408
11409
11410
11411
11412
11413
11414
11415
11416
11417
11418
11419
11420
11421
11423
11424
11425
11427
11429
11430
11431
11432
11433
11448
11449
11450
11451
11452
11453
11454
11456
11458
11459
11460
11461
11462
11463
11464
11465
11466
11467
11468
11469
11471
11472
11473
11474
11475
11476
11477
11478
11480
11481
11483
11484
11485
11486
11488
11489
11490
11491
11492
11493
11494
11495
11496
11497
11498
11499
11500
11501
11502
11503
11504
11505
11506
11507
11508
11509
11510
11511
11512
11513
11514
11515
11516
11520
11521
11522
11523
11524
11525
11526
11527
11528
11529
11530
11532
11533
11534
11536
11537
11538
11539
11542
11543
11544
11545
11546
11547
11548
11550
11551
11552
11553
11554
11555
11556
11557
11558
11559
11560
11561
11562
11563
11564
11565
11566
11567
11569
11570
11593
11594
11595
11596
11597
11598
11599
11600
11601
11602
11603
11604
11605
11606
11607
11608
11609
11610
11611
11612
11613
11614
11615
11616
11617
11618
11621
11622
11623
11624
11625
11626
11628
11629
11630
11631
11633
11634
11635
11636
11637
11638
11640
11641
11642
11643
11644
11645
11646
11647
11648
11649
11650
11651
11652
11653
11654
11655
11656
11657
11658
11659
11660
11662
11663
11664
11665
11667
11668
11669
11670
11671
11672
11673
11674
11675
11676
11679
11680
11681
11682
11683
11684
11685
11686
11687
11689
11690
11691
11692
11693
11694
11696
11697
11698
11699
11700
11701
11702
11703
11704
11705
11706
11707
11708
11709
11710
11711
11712
11713
11714
11715
11716
11717
11718
11719
11720
11722
11723
11724
11725
11727
11728
11729
11730
11731
11732
11734
11735
11736
11737
11738
11740
11741
11742
11743
11744
11745
11748
11749
11750
11751
11752
11753
11754
11755
11756
11757
11758
11759
11760
11761
11762
11763
11764
11765
11766
11767
11768
11769
11770
11771
11777
11778
11779
11780
11781
11782
11783
11784
11785
11786
11787
11788
11789
11790
11791
11792
11793
11794
11795
11796
11797
11798
11799
11800
11801
11802
11803
11804
11805
11806
11807
11808
11809
11810
11811
11812
11813
11814
11815
11816
11817
11818
11819
11820
11821
11822
11823
11824
11825
11826
11827
11828
11829
11830
11831
11832
11833
11834
11835
11837
11838
11839
11840
11841
11844
11867
11868
11869
11870
11871
11872
11873
11874
11875
11876
11877
11878
11879
11880
11881
11882
11883
11884
11885
11886
11887
11889
11890
11891
11892
11893
11894
11895
11896
11897
11898
11899
11900
11901
11902
11903
11904
11905
11906
11907
11909
11910
11911
11912
11913
11914
11915
11916
11917
11919
11920
11921
11922
11923
11925
11927
11928
11929
11930
11932
11933
11934
11935
11936
11939
11942
11943
11944
11945
11946
11947
11948
11949
11950
11951
11952
11961
11962
11963
11964
11965
11966
11967
11968
11969
11970
11971
11972
11973
11974
11975
11976
11977
11978
11979
11980
11981
11982
11983
11984
11985
11986
11987
11988
11990
11991
11992
11993
11994
11995
11996
11997
11999
12000
12001
12003
12004
12005
12006
12007
12008
12009
12010
12011
12012
12013
12014
12015
12016
12017
12018
12019
12020
12021
12022
12024
12025
12026
12027
12028
12032
12033
12034
12035
12036
12037
12038
12039
12040
12041
12042
12043
12045
12047
12048
12049
12050
12051
12052
12053
12054
12055
12056
12057
12058
12059
12060
12061
12066
12067
12068
12069
12071
12072
12073
12074
12084
12085
12086
12087
12088
12089
12090
12091
12092
12093
12094
12095
12096
12097
12098
12099
12100
12101
12102
12103
12105
12107
12108
12109
12110
12112
12113
12114
12115
12116
12118
12119
12120
12122
12123
12124
12125
12126
12127
12128
12129
12130
12131
12132
12133
12134
12135
12136
12138
12139
12140
12141
12142
12143
12145
12146
12147
12148
12149
12150
12151
12152
12153
12154
12155
12156
12157
12159
12161
12162
12163
12165
12166
12167
12168
12169
12171
12172
12174
12175
12176
12177
12178
12179
12180
12181
12183
12185
12186
12187
12188
12189
12191
12192
12193
12194
12195
12196
12199
12201
12202
12203
12204
12205
12206
12207
12208
12209
12210
12211
12212
12213
12214
12215
12216
12217
12218
12219
12220
12221
12222
12223
12224
12225
12226
12227
12228
12229
12230
12231
12232
12233
12234
12235
12237
12238
12239
12240
12241
12242
12243
12245
12248
12249
12250
12251
12252
12253
12254
12255
12256
12257
12258
12259
12260
12261
12262
12263
12264
12265
12266
12267
12268
12269
12270
12271
12272
12273
12274
12275
12276
12277
12278
12279
12280
12281
12283
12284
12285
12286
12287
12288
12289
12290
12291
12293
12294
12296
12297
12298
12299
12300
12301
12302
12303
12304
12305
12306
12307
12308
12309
12311
12312
12313
12314
12315
12316
12317
12318
12319
12320
12321
12322
12323
12324
12325
12326
12327
12328
12329
12330
12331
12332
12333
12334
12335
12336
12337
12338
12339
12340
12341
12342
12343
12344
12345
12346
12347
12348
12349
12350
12351
12352
12353
12354
12355
12356
12357
12358
12359
12360
12361
12363
12364
12365
12366
12367
12368
12369
12370
12371
12373
12374
12375
12377
12378
12379
12380
12381
12382
12384
12385
12386
12387
12389
12390
12391
12392
12393
12394
12395
12396
12397
12398
12399
12400
12401
12402
12403
12404
12406
12407
12408
12409
12410
12411
12412
12413
12414
12415
12416
12417
12419
12420
12421
12422
12423
12424
12425
12426
12427
12428
12429
12430
12431
12432
12433
12435
12437
12439
12441
12442
12443
12445
12446
12447
12448
12449
12451
12452
12453
12454
12455
12456
12457
12458
12459
12460
12461
12462
12463
12465
12467
12468
12469
12470
12471
12472
12473
12474
12475
12476
12477
12478
12479
12480
12481
12482
12483
12484
12486
12487
12488
12489
12490
12493
12495
12496
12497
12498
12499
12500
12502
12503
12504
12505
12506
12507
12508
12509
12510
12511
12512
12513
12514
12515
12516
12517
12518
12519
12520
12521
12522
12523
12524
12525
12527
12528
12532
12533
12534
12535
12536
12537
12538
12539
12540
12541
12542
12543
12544
12545
12546
12547
12548
12549
12550
12551
12552
12554
12555
12556
12557
12558
12559
12560
12561
12562
12563
12564
12565
12566
12567
12568
12569
12570
12571
12573
12574
12575
12576
12578
12579
12580
12581
12582
12583
12584
12585
12586
12587
12588
12590
12591
12592
12593
12594
12596
12597
12598
12599
12600
12601
12602
12603
12604
12606
12608
12609
12610
12611
12612
12613
12614
12615
12616
12618
12619
12620
12621
12622
12623
12624
12625
12626
12628
12629
12630
12632
12633
12634
12636
12637
12638
12639
12640
12641
12644
12646
12647
12648
12649
12651
12652
12653
12654
12655
12677
12678
12679
12681
12682
12683
12684
12685
12686
12687
12688
12689
12690
12692
12693
12695
12698
12699
12700
12701
12702
12703
12704
12705
12706
12707
12708
12709
12710
12711
12712
12715
12716
12717
12718
12720
12721
12722
12723
12724
12726
12727
12728
12730
12731
12732
12733
12735
12736
12737
12739
12740
12741
12742
12743
12745
12746
12747
12748
12749
12750
12751
12752
12753
12754
12755
12756
12757
12758
12759
12760
12762
12763
12764
12765
12766
12767
12768
12770
12771
12772
12773
12774
12775
12776
12777
12778
12779
12780
12781
12782
12785
12786
12787
12788
12789
12791
12792
12793
12796
12797
12798
12799
12800
12801
12802
12803
12806
12807
12808
12809
12810
12811
12813
12814
12815
12816
12817
12818
12819
12821
12822
12823
12824
12825
12826
12827
12828
12829
12830
12832
12833
12834
12835
12836
12837
12852
12854
12855
12856
12857
12858
12859
12860
12861
12862
12863
12865
12866
12867
12868
12869
12871
12872
12873
12874
12876
12877
12878
12879
12881
12882
12883
12884
12885
12886
12887
12888
12890
12891
12892
12893
12894
12895
12896
12897
12898
12899
12900
12901
12902
12903
12904
12905
12906
12907
12909
12910
12911
12914
12915
12916
12917
12918
12919
12920
12921
12922
12923
12924
12925
12926
12927
12928
12929
12930
12931
12932
12933
12934
12935
12936
12937
12938
12939
12941
12942
12943
12944
12946
12947
12948
12950
12951
12952
12953
12954
12955
12956
12957
12958
12959
12960
12961
12962
12963
12965
12966
12967
12968
12969
12970
12971
12972
12973
12974
12975
12976
12977
12978
12979
12980
12981
12982
12983
12984
12985
12986
12987
12988
12989
12990
12991
12992
12993
12994
12995
12996
12997
12998
12999
13001
13002
13003
13004
13006
13007
13008
13009
13010
13011
13012
13013
13014
13015
13016
13017
13019
13021
13022
13023
13024
13025
13026
13027
13028
13030
13031
13032
13033
13035
13036
13037
13038
13039
13040
13041
13042
13043
13044
13045
13046
13047
13048
13049
13050
13051
13052
13053
13054
13055
13056
13057
13058
13059
13060
13061
13062
13063
13065
13066
13067
13068
13069
13070
13071
13072
13073
13074
13075
13076
13077
13078
13079
13080
13081
13082
13083
13085
13086
13087
13088
13089
13090
13091
13092
13093
13094
13095
13096
13097
13098
13099
13102
13103
13104
13105
13106
13107
13108
13109
13110
13111
13112
13113
13114
13115
13116
13117
13118
13119
13120
13121
13122
13123
13124
13125
13126
13127
13128
13129
13130
13131
13132
13133
13134
13135
13136
13137
13138
13139
13140
13141
13143
13144
13145
13146
13147
13148
13149
13150
13151
13152
13153
13154
13155
13156
13157
13159
13160
13161
13162
13163
13164
13165
13166
13167
13168
13169
13170
13174
13175
13176
13177
13178
13179
13180
13182
13183
13184
13185
13187
13188
13190
13191
13192
13193
13194
13195
13196
13199
13200
13201
13202
13203
13204
13205
13206
13207
13208
13209
13210
13211
13212
13213
13214
13215
13217
13218
13219
13220
13221
13223
13224
13225
13227
13228
13229
13230
13231
13232
13233
13234
13235
13238
13239
13241
13242
13243
13244
13245
13246
13247
13248
13249
13250
13251
13252
13253
13254
13255
13256
13257
13258
13259
13260
13261
13262
13263
13264
13266
13268
13280
13281
13282
13283
13284
13286
13288
13289
13290
13292
13293
13294
13295
13296
13297
13298
13299
13301
13302
13303
13304
13306
13307
13308
13309
13310
13311
13316
13317
13318
13319
13320
13321
13323
13324
13325
13326
13327
13328
13329
13330
13332
13333
13334
13335
13336
13337
13338
13339
13340
13341
13342
13343
13344
13345
13346
13347
13349
13350
13351
13352
13353
13354
13356
13357
13358
13359
13360
13361
13363
13364
13365
13366
13367
13368
13369
13370
13371
13372
13373
13374
13376
13377
13379
13380
13381
13382
13383
13384
13385
13386
13387
13388
13389
13390
13391
13392
13393
13394
13395
13396
13397
13398
13400
13402
13403
13404
13405
13406
13407
13408
13410
13411
13412
13413
13414
13415
13416
13417
13418
13419
13420
13421
13422
13423
13424
13425
13426
13427
13428
13429
13430
13431
13433
13434
13435
13436
13437
13438
13440
13442
13443
13444
13445
13446
13447
13448
13449
13450
13451
13452
13454
13455
13456
13457
13458
13459
13460
13461
13462
13463
13464
13465
13466
13469
13470
13471
13472
13473
13474
13475
13476
13477
13478
13479
13480
13481
13482
13483
13484
13485
13486
13487
13489
13490
13491
13492
13494
13495
13496
13497
13498
13499
13500
13501
13502
13503
13504
13505
13506
13508
13509
13510
13511
13512
13513
13514
13515
13516
13517
13519
13520
13521
13522
13523
13524
13525
13526
13527
13528
13530
13531
13533
13534
13535
13536
13537
13538
13539
13541
13542
13543
13544
13545
13546
13548
13549
13550
13551
13552
13553
13554
13555
13556
13557
13559
13560
13561
13562
13563
13564
13565
13566
13567
13568
13569
13570
13571
13572
13573
13574
13575
13576
13577
13578
13579
13580
13581
13582
13583
13584
13585
13588
13589
13590
13591
13592
13593
13594
13595
13596
13597
13598
13599
13600
13601
13602
13603
13605
13606
13608
13609
13610
13611
13612
13613
13614
13615
13616
13617
13618
13619
13621
13622
13623
13624
13625
13626
13627
13628
13629
13630
13631
13632
13633
13634
13635
13636
13637
13638
13639
13640
13641
13643
13644
13646
13647
13648
13649
13650
13651
13652
13653
13654
13655
13657
13658
13659
13660
13661
13662
13663
13664
13665
13666
13667
13668
13670
13671
13673
13675
13676
13677
13678
13679
13680
13681
13683
13684
13685
13686
13687
13688
13689
13690
13691
13692
13693
13695
13696
13697
13698
13699
13700
13701
13702
13703
13704
13705
13707
13708
13709
13710
13711
13713
13716
13717
13718
13719
13720
13721
13722
13723
13724
13725
13726
13727
13728
13729
13730
13731
13732
13734
13735
13736
13737
13738
13739
13740
13741
13742
13743
13744
13745
13747
13748
13749
13750
13751
13752
13753
13754
13755
13756
13757
13758
13760
13761
13762
13763
13764
13765
13766
13767
13768
13769
13770
13771
13772
13774
13775
13776
13777
13778
13779
13780
13781
13782
13783
13784
13785
13786
13787
13788
13789
13790
13791
13792
13793
13795
13796
13797
13798
13799
13800
13801
13802
13803
13804
13805
13806
13807
13808
13809
13810
13811
13812
13813
13814
13815
13841
13842
13843
13844
13845
13846
13847
13848
13849
13850
13851
13852
13854
13856
13857
13858
13860
13861
13862
13863
13864
13891
13892
13893
13894
13895
13896
13897
13898
13899
13900
13902
13903
13904
13905
13907
13909
13910
13911
13914
13916
13917
13918
13919
13920
13921
13922
13923
13924
13925
13926
13927
13928
13929
13930
13931
13932
13933
13934
13935
13949
13950
13951
13952
13953
13954
13955
13956
13957
13958
13959
13960
13961
13962
13963
13964
13965
13966
13967
13968
13969
13970
13971
13972
13973
13974
13975
13981
13982
13983
13985
13986
13989
13990
13991
13993
13994
13995
13996
13997
13998
13999
14000
14001
14002
14003
14004
14005
14006
14033
14034
14035
14036
14037
14038
14039
14041
14042
14043
14045
14046
14047
14048
14049
14050
14051
14052
14053
14055
14056
14057
14058
14059
14060
14061
14062
14063
14065
14067
14068
14069
14070
14071
14072
14073
14075
14076
14077
14078
14079
14080
14081
14082
14083
14084
14085
14088
14089
14090
14091
14092
14093
14095
14096
14097
14098
14099
14100
14101
14104
14105
14106
14107
14108
14109
14110
14111
14112
14113
14114
14115
14117
14118
14119
14120
14121
14122
14123
14124
14125
14126
14127
14128
14129
14130
14131
14132
14133
14134
14135
14136
14137
14138
14140
14141
14143
14144
14145
14147
14148
14149
14150
14151
14153
14154
14155
14156
14157
14158
14159
14160
14161
14162
14163
14165
14166
14167
14169
14170
14171
14172
14173
14174
14176
14177
14178
14179
14181
14182
14183
14184
14185
14186
14187
14188
14189
14191
14192
14193
14194
14195
14196
14197
14199
14200
14203
14204
14206
14207
14208
14209
14210
14211
14212
14213
14215
14216
14217
14218
14219
14220
14221
14223
14225
14226
14227
14228
14230
14231
14232
14233
14234
14235
14236
14237
14238
14239
14240
14241
14242
14243
14244
14245
14246
14247
14248
14249
14250
14251
14252
14253
14254
14255
14256
14257
14259
14260
14261
14262
14263
14264
14265
14266
14267
14268
14269
14270
14271
14272
14273
14274
14275
14277
14278
14279
14280
14281
14282
14283
14284
14285
14286
14287
14288
14289
14290
14291
14292
14293
14294
14295
14296
14297
14298
14300
14301
14307
14308
14309
14310
14311
14313
14315
14316
14317
14318
14319
14321
14322
14323
14324
14325
14326
14327
14328
14329
14330
14331
14332
14333
14335
14336
14337
14338
14339
14340
14342
14343
14345
14346
14347
14348
14350
14351
14352
14353
14355
14356
14357
14358
14359
14360
14361
14362
14363
14365
14366
14367
14368
14369
14370
14371
14372
14373
14374
14375
14376
14377
14378
14379
14380
14381
14382
14385
14386
14388
14450
14451
14453
14454
14455
14456
14457
14458
14459
14460
14461
14462
14463
14464
14465
14466
14467
14468
14469
14470
14471
14472
14473
14474
14475
14476
14478
14479
14480
14483
14484
14485
14486
14487
14488
14489
14490
14491
14492
14493
14494
14496
14497
14498
14499
14500
14501
14503
14504
14505
14506
14509
14510
14511
14513
14515
14516
14517
14518
14519
14520
14521
14522
14523
14525
14526
14527
14528
14529
14530
14531
14532
14533
14538
14539
14541
14542
14543
14544
14545
14547
14548
14549
14550
14551
14552
14553
14554
14555
14557
14558
14559
14560
14569
14570
14571
14572
14573
14574
14575
14576
14578
14579
14580
14581
14582
14583
14584
14585
14586
14587
14588
14589
14595
14596
14597
14598
14599
14600
14601
14602
14603
14604
14605
14606
14607
14608
14611
14612
14613
14614
14615
14616
14617
14618
14619
14621
14622
14623
14624
14625
14626
14627
14628
14629
14630
14633
14634
14635
14636
14637
14638
14639
14640
14641
14642
14643
14644
14645
14647
14648
14649
14650
14651
14652
14653
14655
14656
14658
14659
14661
14662
14663
14664
14665
14666
14667
14668
14669
14670
14671
14673
14674
14675
14676
14677
14679
14680
14681
14682
14683
14684
14685
14688
14689
14691
14692
14693
14694
14695
14696
14697
14698
14699
14700
14701
14702
14703
14704
14705
14706
14707
14708
14709
14711
14713
14714
14715
14716
14717
14718
14719
14720
14721
14722
14723
14724
14725
14726
14727
14728
14730
14733
14734
14735
14736
14737
14738
14739
14740
14742
14743
14744
14745
14746
14747
14749
14750
14751
14752
14753
14754
14755
14756
14757
14758
14759
14760
14761
14763
14764
14765
14766
14767
14768
14769
14770
14771
14773
14774
14775
14776
14777
14778
14779
14780
14781
14782
14783
14784
14785
14786
14787
14788
14789
14790
14792
14793
14794
14795
14796
14797
14798
14799
14800
14801
14802
14803
14804
14805
14806
14807
14808
14809
14810
14812
14813
14814
14815
14816
14817
14818
14819
14820
14821
14822
14823
14824
14825
14826
14827
14828
14829
14830
14831
14833
14834
14835
14836
14837
14838
14839
14840
14842
14843
14844
14846
14847
14848
14849
14852
14853
14854
14856
14857
14858
14859
14860
14861
14862
14863
14864
14865
14866
14867
14868
14869
14870
14871
14872
14873
14874
14875
14876
14877
14878
14879
14880
14883
14884
14885
14886
14887
14888
14889
14890
14891
14897
14898
14899
14900
14901
14903
14904
14905
14906
14907
14909
14910
14911
14912
14913
14915
14916
14918
14919
14920
14921
14922
14923
14924
14925
14926
14927
14928
14929
14930
14931
14934
14936
14937
14938
14939
14940
14942
14943
14944
14945
14946
14947
14948
14949
14950
14951
14952
14954
14955
14956
14957
14958
14959
14960
14961
14962
14963
14964
14965
14966
14967
14968
14974
14975
14976
14977
14978
14979
14980
14982
14983
14984
14985
14987
14988
14989
14990
14991
14992
14993
14995
14996
14998
15000
15001
15002
15003
15004
15005
15006
15007
15008
15009
15010
15012
15013
15015
15016
15017
15018
15019
15020
15021
15022
15024
15025
15026
15028
15029
15031
15032
15036
15038
15039
15040
15041
15042
15043
15044
15045
15046
15047
15048
15049
15050
15051
15052
15054
15055
15056
15057
15059
15060
15061
15062
15063
15064
15065
15066
15067
15068
15069
15070
15071
15072
15073
15074
15075
15076
15077
15078
15079
15080
15081
15083
15084
15085
15087
15088
15089
15090
15091
15093
15094
15095
15096
15097
15098
15099
15101
15102
15105
15106
15107
15108
15109
15110
15111
15112
15113
15156
15157
15158
15159
15160
15161
15162
15163
15164
15165
15166
15167
15168
15169
15170
15171
15172
15173
15174
15175
15176
15177
15178
15179
15180
15181
15182
15183
15184
15185
15186
15187
15188
15189
15191
15192
15193
15194
15195
15196
15197
15198
15199
15200
15201
15202
15203
15205
15207
15208
15209
15210
15212
15213
15214
15215
15216
15217
15218
15219
15220
15221
15222
15223
15224
15225
15226
15227
15228
15229
15230
15231
15232
15233
15234
15235
15236
15237
15238
15239
15240
15241
15242
15243
15244
15245
15247
15248
15249
15250
15251
15252
15253
15255
15256
15257
15258
15259
15260
15261
15262
15263
15264
15265
15266
15267
15268
15269
15270
15271
15273
15274
15275
15276
15277
15278
15279
15280
15281
15282
15285
15286
15287
15288
15289
15290
15291
15292
15294
15295
15296
15297
15298
15299
15300
15301
15302
15304
15305
15306
15307
15309
15310
15311
15312
15313
15314
15315
15316
15317
15319
15320
15321
15323
15324
15325
15328
15329
15331
15332
15333
15355
15356
15357
15358
15359
15361
15362
15363
15364
15365
15366
15368
15369
15370
15375
15376
15377
15378
15379
15380
15381
15382
15383
15384
15385
15386
15387
15389
15390
15391
15392
15394
15395
15396
15397
15398
15399
15400
15401
15402
15403
15404
15405
15406
15407
15408
15409
15410
15411
15412
15413
15414
15415
15416
15417
15418
15419
15420
15421
15423
15424
15425
15426
15427
15428
15429
15430
15432
15434
15435
15436
15437
15438
15439
15441
15442
15443
15444
15445
15446
15447
15448
15449
15450
15451
15452
15453
15454
15455
15456
15457
15458
15459
15460
15461
15462
15463
15465
15466
15467
15468
15469
15470
15472
15473
15474
15475
15476
15477
15478
15479
15480
15481
15482
15483
15484
15492
15493
15494
15496
15497
15498
15499
15500
15501
15502
15503
15504
15505
15507
15508
15509
15510
15511
15512
15513
15514
15515
15516
15517
15518
15519
15520
15521
15522
15523
15524
15526
15527
15531
15532
15533
15534
15535
15536
15537
15538
15539
15540
15541
15542
15543
15545
15546
15547
15548
15550
15551
15552
15553
15554
15558
15559
15561
15562
15563
15565
15570
15571
15572
15573
15574
15575
15576
15577
15578
15579
15580
15581
15582
15583
15584
15585
15588
15589
15590
15591
15592
15593
15594
15595
15596
15598
15599
15600
15601
15602
15603
15604
15605
15606
15607
15608
15609
15610
15611
15612
15613
15614
15615
15616
15617
15618
15619
15620
15621
15622
15623
15624
15625
15626
15627
15628
15629
15630
15631
15633
15634
15635
15636
15637
15638
15639
15640
15641
15642
15643
15644
15645
15646
15647
15648
15649
15650
15651
15652
15653
15654
15655
15660
15662
15663
15664
15666
15667
15668
15669
15670
15671
15672
15673
15674
15675
15676
15677
15678
15679
15680
15681
15683
15685
15686
15687
15704
15705
15706
15707
15708
15709
15710
15712
15713
15714
15715
15716
15717
15718
15719
15720
15721
15722
15724
15725
15726
15727
15728
15729
15730
15731
15732
15734
15736
15737
15738
15740
15741
15742
15743
15744
15745
15746
15747
15748
15749
15750
15751
15752
15753
15754
15755
15756
15757
15758
15760
15761
15762
15763
15764
15765
15766
15768
15769
15770
15771
15772
15773
15776
15777
15778
15779
15781
15782
15783
15784
15785
15786
15787
15788
15789
15790
15791
15792
15793
15794
15795
15796
15797
15798
15799
15800
15802
15803
15804
15805
15806
15807
15808
15809
15810
15811
15812
15813
15814
15815
15816
15817
15818
15819
15820
15821
15822
15823
15824
15825
15826
15827
15828
15829
15830
15831
15832
15833
15835
15836
15837
15838
15839
15840
15841
15842
15843
15844
15845
15846
15847
15848
15849
15850
15851
15852
15853
15854
15855
15856
15857
15858
15859
15860
15861
15862
15863
15864
15865
15866
15867
15868
15869
15870
15871
15872
15873
15874
15875
15876
15877
15878
15879
15880
15881
15882
15883
15884
15885
15886
15887
15888
15889
15890
15891
15892
15893
15894
15895
15896
15897
15898
15899
15900
15901
15903
15904
15905
15906
15907
15908
15909
15910
15911
15913
15914
15915
15916
15917
15918
15919
15920
15922
15923
15924
15925
15926
15927
15928
15929
15930
15931
15932
15933
15934
15935
15936
15938
15939
15940
15942
15943
15944
15945
15946
15947
15948
15949
15951
15952
15953
15954
15955
15956
15957
15958
15959
15960
15961
15962
15963
15964
15965
15966
15967
15968
15969
15970
15971
15972
15973
15975
15976
15977
15978
15979
15980
15981
15983
15984
15985
15986
15987
15990
15991
15992
15993
15994
15995
15996
15997
15998
15999
16000
16002
16003
16004
16005
16006
16007
16008
16009
16010
16011
16013
16014
16016
16017
16018
16019
16020
16021
16022
16023
16024
16025
16026
16027
16028
16029
16030
16031
16032
16033
16034
16035
16036
16037
16038
16039
16040
16041
16042
16043
16044
16045
16046
16047
16048
16049
16050
16051
16052
16053
16054
16055
16056
16057
16058
16059
16060
16062
16063
16064
16065
16066
16068
16069
16070
16071
16072
16073
16074
16075
16076
16077
16078
16079
16080
16081
16083
16084
16085
16086
16087
16090
16091
16092
16093
16094
16095
16096
16097
16098
16099
16100
16102
16104
16105
16106
16107
16108
16109
16111
16112
16113
16114
16115
16116
16117
16118
16119
16120
16122
16123
16124
16125
16126
16127
16128
16129
16130
16131
16132
16133
16134
16135
16136
16137
16138
16139
16140
16141
16142
16143
16144
16145
16146
16147
16148
16149
16150
16151
16152
16153
16154
16155
16156
16157
16158
16159
16160
16161
16162
16163
16164
16165
16166
16167
16168
16169
16170
16171
16172
16173
16174
16175
16176
16177
16179
16181
16184
16185
16186
16187
16188
16189
16190
16191
16192
16193
16194
16195
16196
16197
16198
16199
16200
16201
16202
16203
16204
16206
16207
16208
16209
16210
16211
16212
16213
16214
16215
16216
16217
16218
16219
16220
16221
16222
16223
16224
16225
16226
16227
16228
16229
16230
16231
16232
16233
16234
16235
16236
16237
16238
16239
16240
16241
16242
16244
16245
16246
16247
16248
16249
16250
16251
16253
16254
16255
16257
16258
16259
16261
16262
16263
16264
16265
16266
16267
16268
16269
16271
16272
16273
16274
16275
16276
16278
16279
16280
16281
16282
16283
16284
16285
16286
16288
16289
16290
16291
16293
16294
16295
16296
16297
16298
16299
16301
16302
16304
16305
16306
16308
16309
16310
16311
16312
16313
16314
16315
16316
16317
16318
16319
16320
16321
16322
16323
16325
16326
16328
16329
16330
16331
16332
16333
16335
16336
16337
16338
16339
16340
16341
16342
16343
16344
16345
16346
16347
16348
16349
16350
16351
16352
16353
16354
16355
16356
16357
16358
16359
16360
16362
16363
16364
16365
16367
16368
16369
16370
16371
16372
16373
16374
16375
16376
16377
16378
16379
16380
16381
16385
16386
16387
16388
16389
16390
16391
16392
16393
16394
16395
16396
16399
16401
16403
16405
16406
16407
16408
16409
16410
16411
16412
16413
16414
16415
16416
16417
16418
16419
16420
16421
16422
16423
16424
16425
16426
16427
16428
16429
16431
16432
16433
16434
16435
16436
16437
16438
16439
16440
16441
16442
16443
16444
16445
16446
16447
16448
16449
16450
16451
16452
16453
16454
16455
16456
16457
16458
16459
16460
16461
16462
16463
16465
16466
16467
16468
16469
16470
16471
16472
16473
16474
16475
16476
16477
16478
16479
16480
16481
16482
16483
16484
16486
16487
16488
16489
16490
16491
16494
16495
16496
16498
16500
16502
16503
16505
16506
16507
16508
16509
16510
16511
16512
16513
16514
16515
16516
16517
16518
16519
16520
16521
16522
16523
16524
16525
16526
16527
16528
16529
16530
16531
16532
16533
16534
16535
16537
16538
16539
16540
16541
16545
16547
16548
16550
16551
16552
16553
16554
16555
16556
16558
16559
16560
16561
16562
16563
16564
16566
16567
16568
16569
16570
16571
16572
16573
16575
16576
16577
16578
16579
16580
16581
16582
16584
16585
16586
16587
16588
16589
16590
16591
16592
16593
16594
16595
16596
16597
16598
16599
16600
16601
16603
16604
16605
16606
16608
16609
16610
16611
16613
16614
16615
16616
16617
16618
16619
16620
16621
16623
16625
16626
16627
16628
16629
16630
16631
16632
16633
16634
16635
16636
16637
16638
16639
16640
16641
16642
16643
16644
16645
16646
16647
16648
16649
16650
16651
16652
16653
16654
16655
16656
16657
16658
16659
16660
16661
16662
16663
16664
16665
16666
16667
16668
16669
16670
16671
16672
16673
16674
16675
16677
16678
16679
16680
16681
16682
16683
16685
16686
16687
16688
16689
16690
16691
16692
16693
16694
16695
16696
16697
16698
16699
16700
16701
16702
16703
16704
16705
16706
16708
16709
16710
16711
16712
16713
16715
16717
16719
16720
16721
16722
16723
16724
16725
16726
16727
16728
16729
16730
16731
16732
16733
16734
16735
16736
16737
16738
16739
16740
16741
16742
16743
16744
16745
16746
16747
16748
16749
16750
16751
16752
16753
16754
16755
16757
16759
16760
16761
16762
16763
16765
16766
16767
16768
16769
16770
16771
16772
16774
16775
16776
16777
16778
16779
16780
16781
16783
16784
16785
16786
16787
16788
16789
16791
16792
16793
16794
16795
16796
16797
16798
16799
16800
16802
16803
16804
16805
16806
16807
16808
16809
16810
16811
16812
16813
16814
16815
16816
16817
16818
16819
16820
16821
16822
16823
16824
16825
16826
16827
16828
16829
16830
16831
16832
16833
16834
16835
16836
16837
16838
16839
16840
16841
16842
16843
16844
16846
16847
16848
16849
16851
16852
16854
16855
16856
16857
16858
16859
16860
16861
16862
16863
16864
16865
16866
16867
16868
16869
16870
16871
16872
16873
16874
16875
16876
16877
16878
16879
16880
16881
16883
16884
16885
16886
16887
16890
16891
16892
16893
16894
16895
16896
16897
16898
16899
16901
16902
16903
16905
16907
16908
16909
16910
16911
16912
16913
16914
16915
16916
16917
16918
16919
16920
16921
16922
16923
16924
16926
16927
16928
16929
16930
16931
16932
16933
16934
16935
16936
16937
16938
16939
16940
16941
16942
16943
16944
16945
16946
16947
16948
16949
16950
16951
16952
16953
16954
16955
16956
16958
16959
16960
16961
16962
16963
16964
16965
16966
16967
16969
16970
16971
16972
16974
16975
16976
16977
16978
16979
16980
16981
16982
16983
16984
16985
16986
16987
16988
16989
16990
16991
16992
16993
16994
16995
16996
16997
16998
16999
17000
17001
17002
17003
17004
17006
17008
17009
17010
17011
17012
17013
17014
17015
17016
17017
17018
17019
17020
17021
17022
17023
17024
17026
17027
17028
17029
17030
17031
17032
17033
17034
17035
17036
17037
17038
17039
17040
17041
17042
17043
17044
17045
17047
17048
17049
17050
17051
17052
17053
17054
17055
17057
17058
17059
17060
17062
17063
17065
17066
17067
17068
17069
17070
17071
17073
17074
17075
17076
17077
17078
17080
17081
17082
17083
17084
17085
17086
17087
17088
17089
17090
17091
17092
17093
17094
17095
17097
17098
17099
17100
17101
17102
17103
17104
17106
17107
17108
17109
17110
17112
17113
17114
17115
17116
17117
17118
17119
17120
17121
17122
17123
17124
17125
17126
17127
17128
17129
17130
17131
17132
17133
17134
17135
17136
17137
17138
17139
17140
17141
17142
17143
17144
17145
17147
17148
17149
17150
17151
17152
17153
17155
17156
17159
17161
17162
17163
17164
17165
17167
17168
17169
17170
17171
17172
17174
17175
17176
17177
17178
17179
17180
17181
17183
17184
17185
17186
17187
17188
17189
17190
17191
17192
17193
17194
17195
17196
17198
17199
17200
17201
17202
17203
17204
17205
17206
17208
17209
17210
17211
17212
17213
17214
17215
17216
17217
17218
17221
17222
17223
17224
17225
17226
17227
17228
17229
17230
17231
17232
17233
17234
17236
17237
17238
17239
17240
17242
17245
17246
17247
17248
17250
17251
17253
17254
17255
17256
17259
17260
17262
17263
17264
17265
17266
17267
17268
17269
17270
17271
17272
17273
17274
17275
17276
17277
17278
17280
17281
17282
17283
17284
17285
17286
17287
17288
17289
17290
17291
17293
17294
17295
17296
17297
17298
17299
17301
17303
17304
17305
17306
17307
17308
17309
17310
17311
17312
17314
17315
17316
17317
17318
17319
17321
17322
17323
17324
17326
17327
17328
17329
17330
17331
17332
17333
17334
17335
17336
17337
17338
17339
17340
17341
17342
17343
17345
17346
17347
17348
17349
17351
17352
17354
17355
17356
17357
17358
17359
17360
17361
17362
17363
17364
17365
17366
17367
17368
17369
17370
17371
17372
17373
17376
17377
17378
17379
17380
17381
17383
17384
17385
17386
17387
17388
17389
17390
17391
17392
17393
17394
17395
17396
17397
17398
17399
17401
17402
17404
17405
17407
17408
17409
17410
17411
17412
17413
17414
17415
17416
17417
17418
17419
17420
17421
17422
17423
17424
17426
17427
17428
17429
17430
17431
17432
17433
17434
17435
17436
17437
17438
17440
17441
17442
17443
17444
17445
17446
17447
17448
17449
17450
17451
17452
17454
17455
17456
17457
17458
17459
17460
17461
17462
17463
17464
17465
17466
17467
17469
17470
17471
17472
17473
17475
17476
17477
17478
17479
17480
17481
17482
17483
17484
17485
17486
17487
17489
17490
17491
17492
17493
17494
17495
17496
17497
17498
17499
17500
17501
17502
17503
17504
17505
17508
17509
17510
17511
17512
17513
17514
17515
17516
17517
17518
17519
17520
17521
17522
17524
17525
17526
17527
17528
17529
17530
17531
17532
17533
17534
17535
17536
17537
17538
17539
17540
17542
17543
17544
17545
17547
17548
17549
17550
17551
17552
17553
17554
17556
17557
17558
17559
17560
17561
17562
17563
17564
17565
17566
17567
17568
17569
17570
17571
17572
17573
17574
17575
17576
17577
17578
17579
17580
17581
17582
17583
17584
17585
17586
17587
17588
17590
17591
17592
17593
17594
17596
17597
17598
17599
17600
17601
17602
17603
17605
17606
17607
17608
17609
17610
17611
17612
17613
17614
17615
17616
17617
17618
17619
17620
17621
17622
17623
17624
17625
17626
17627
17628
17629
17630
17631
17633
17634
17635
17636
17637
17638
17639
17640
17642
17643
17644
17645
17646
17649
17650
17651
17652
17653
17654
17655
17656
17657
17659
17660
17661
17662
17664
17665
17666
17667
17670
17672
17673
17674
17675
17677
17678
17679
17680
17681
17682
17683
17684
17685
17686
17687
17688
17689
17690
17691
17692
17693
17694
17695
17696
17698
17699
17701
17703
17704
17706
17707
17708
17709
17711
17712
17713
17714
17715
17716
17718
17719
17720
17721
17723
17724
17725
17726
17727
17728
17730
17731
17732
17733
17734
17735
17736
17737
17738
17739
17740
17741
17742
17743
17744
17745
17747
17748
17749
17750
17751
17752
17754
17755
17756
17757
17758
17759
17760
17761
17762
17763
17764
17765
17767
17768
17769
17770
17771
17772
17773
17774
17775
17776
17777
17778
17779
17780
17782
17783
17784
17785
17786
17787
17788
17789
17790
17791
17792
17793
17794
17795
17796
17797
17798
17799
17800
17801
17802
17803
17804
17805
17807
17808
17809
17810
17811
17812
17813
17814
17815
17816
17817
17818
17819
17820
17821
17822
17823
17824
17825
17826
17827
17828
17829
17830
17831
17832
17833
17834
17835
17837
17838
17839
17840
17841
17842
17843
17844
17845
17846
17847
17848
17849
17850
17851
17852
17853
17854
17855
17856
17857
17858
17859
17860
17861
17862
17863
17864
17865
17866
17868
17870
17871
17872
17874
17876
17877
17878
17879
17880
17882
17883
17885
17887
17889
17890
17891
17892
17893
17894
17895
17896
17897
17898
17899
17900
17901
17902
17903
17904
17906
17908
17909
17910
17911
17912
17913
17914
17915
17916
17917
17918
17919
17920
17921
17922
17923
17924
17925
17926
17927
17928
17929
17930
17931
17932
17933
17934
17935
17936
17938
17939
17940
17941
17942
17943
17944
17945
17946
17947
17948
17949
17950
17951
17953
17954
17955
17956
17957
17958
17959
17960
17963
17964
17965
17966
17967
17968
17969
17970
17971
17972
17973
17974
17975
17976
17977
17978
17979
17980
17981
17982
17983
17984
17986
17987
17988
17989
17990
17991
17992
17993
17994
17995
17996
17997
17998
17999
18000
18001
18002
18003
18004
18006
18007
18008
18009
18010
18011
18012
18013
18014
18015
18016
18017
18018
18019
18020
18021
18022
18023
18024
18025
18026
18027
18028
18029
18030
18032
18033
18034
18037
18038
18039
18040
18042
18043
18044
18045
18046
18047
18048
18051
18052
18053
18054
18055
18057
18058
18059
18060
18061
18062
18063
18064
18066
18067
18069
18070
18071
18072
18073
18074
18075
18076
18077
18078
18079
18080
18081
18082
18083
18084
18085
18086
18087
18088
18089
18090
18091
18092
18093
18094
18095
18096
18097
18098
18099
18100
18101
18102
18103
18104
18106
18107
18108
18109
18110
18111
18112
18113
18115
18116
18118
18119
18120
18121
18122
18123
18125
18126
18127
18128
18129
18130
18131
18132
18133
18134
18135
18136
18137
18138
18139
18140
18141
18142
18143
18144
18145
18146
18147
18148
18149
18150
18151
18152
18153
18154
18155
18156
18157
18158
18159
18160
18161
18162
18163
18164
18165
18166
18167
18168
18169
18170
18171
18172
18173
18174
18175
18176
18177
18178
18179
18180
18181
18182
18183
18184
18185
18187
18189
18190
18191
18192
18193
18194
18195
18196
18197
18198
18199
18200
18201
18202
18203
18204
18205
18206
18207
18208
18209
18210
18211
18212
18213
18214
18215
18216
18217
18218
18219
18220
18221
18222
18223
18224
18225
18226
18227
18228
18229
18230
18231
18233
18234
18235
18236
18238
18240
18241
18242
18243
18244
18245
18246
18247
18248
18249
18250
18251
18252
18253
18254
18255
18256
18257
18258
18259
18261
18262
18264
18265
18266
18267
18269
18270
18271
18273
18274
18275
18276
18277
18278
18281
18282
18283
18284
18285
18286
18287
18288
18289
18290
18291
18292
18293
18294
18296
18297
18298
18299
18301
18302
18303
18304
18305
18306
18307
18308
18309
18310
18311
18312
18313
18314
18315
18316
18317
18318
18319
18320
18322
18323
18324
18325
18326
18327
18328
18329
18330
18332
18333
18334
18335
18336
18337
18338
18339
18340
18341
18342
18343
18344
18345
18346
18347
18348
18349
18351
18353
18354
18355
18356
18357
18358
18359
18360
18361
18364
18365
18366
18368
18369
18370
18371
18372
18373
18374
18375
18376
18377
18378
18379
18380
18382
18383
18384
18385
18386
18387
18388
18389
18390
18391
18392
18393
18394
18395
18396
18397
18398
18399
18400
18401
18402
18403
18405
18406
18407
18408
18409
18410
18411
18412
18413
18414
18415
18417
18418
18419
18420
18422
18423
18424
18425
18427
18428
18429
18431
18432
18433
18434
18435
18436
18437
18438
18439
18440
18441
18443
18444
18445
18446
18447
18448
18449
18450
18451
18452
18453
18454
18455
18458
18459
18460
18461
18462
18463
18464
18465
18466
18467
18468
18469
18470
18471
18472
18474
18475
18476
18477
18478
18479
18480
18481
18482
18483
18484
18485
18486
18487
18488
18489
18490
18491
18492
18493
18494
18495
18496
18497
18498
18500
18501
18502
18503
18504
18505
18506
18507
18509
18510
18511
18512
18513
18515
18516
18517
18518
18519
18520
18521
18522
18523
18524
18525
18526
18527
18529
18530
18531
18533
18534
18535
18536
18537
18538
18541
18542
18543
18544
18545
18546
18547
18548
18549
18550
18551
18553
18554
18555
18556
18557
18558
18559
18560
18561
18562
18563
18564
18565
18566
18567
18568
18570
18571
18572
18573
18574
18575
18576
18577
18578
18581
18582
18583
18584
18585
18587
18588
18589
18590
18591
18592
18593
18594
18595
18596
18597
18599
18600
18601
18602
18604
18605
18606
18607
18608
18609
18610
18611
18612
18613
18614
18615
18616
18617
18618
18620
18624
18625
18626
18629
18630
18631
18632
18633
18634
18635
18636
18637
18638
18639
18640
18641
18642
18643
18644
18645
18646
18648
18650
18651
18652
18653
18654
18655
18656
18657
18658
18659
18660
18661
18662
18663
18664
18665
18667
18668
18669
18670
18671
18672
18673
18674
18675
18676
18677
18678
18679
18680
18681
18682
18683
18684
18685
18686
18688
18689
18690
18691
18692
18693
18695
18697
18698
18699
18700
18701
18702
18703
18704
18705
18706
18707
18708
18709
18710
18711
18712
18713
18715
18716
18717
18718
18719
18720
18721
18722
18723
18724
18725
18726
18727
18728
18730
18731
18732
18733
18734
18735
18736
18737
18739
18740
18741
18742
18743
18744
18745
18747
18748
18749
18750
18751
18752
18753
18754
18755
18756
18757
18758
18759
18760
18761
18762
18763
18765
18766
18767
18768
18769
18770
18771
18772
18773
18774
18775
18776
18777
18779
18780
18781
18782
18783
18784
18785
18786
18787
18788
18789
18790
18791
18792
18794
18795
18796
18797
18798
18799
18800
18801
18803
18805
18806
18807
18808
18809
18810
18811
18812
18814
18815
18816
18817
18818
18819
18820
18822
18823
18824
18825
18826
18827
18828
18829
18830
18831
18832
18833
18834
18835
18836
18837
18838
18839
18840
18841
18842
18843
18844
18845
18846
18847
18848
18849
18850
18852
18853
18854
18855
18856
18858
18859
18860
18861
18862
18863
18864
18865
18866
18867
18868
18869
18870
18871
18872
18873
18874
18875
18876
18877
18878
18879
18882
18883
18884
18885
18886
18887
18888
18889
18890
18891
18892
18894
18896
18897
18898
18899
18900
18901
18902
18903
18904
18905
18906
18907
18909
18910
18911
18912
18913
18915
18916
18917
18918
18919
18920
18921
18922
18923
18924
18925
18926
18927
18928
18929
18930
18931
18932
18933
18934
18935
18936
18937
18938
18939
18941
18942
18943
18945
18946
18947
18948
18949
18950
18952
18953
18954
18955
18956
18957
18959
18961
18962
18963
18966
18967
18968
18969
18970
18971
18972
18973
18974
18976
18977
18978
18979
18980
18981
18982
18983
18985
18986
18987
18988
18989
18990
18991
18992
18993
18994
18995
18996
18997
18998
18999
19000
19001
19002
19003
19004
19006
19007
19008
19009
19010
19011
19012
19013
19014
19015
19016
19018
19019
19020
19021
19022
19024
19025
19026
19027
19028
19029
19030
19031
19032
19033
19034
19035
19036
19037
19038
19039
19040
19041
19042
19043
19044
19045
19046
19047
19048
19049
19050
19051
19052
19053
19054
19055
19056
19057
19058
19059
19061
19062
19063
19064
19065
19066
19067
19068
19069
19070
19072
19074
19075
19076
19077
19078
19079
19080
19081
19082
19084
19085
19087
19088
19089
19090
19091
19092
19094
19095
19096
19098
19099
19100
19102
19103
19104
19106
19107
19108
19109
19110
19111
19112
19113
19114
19115
19117
19118
19119
19120
19121
19122
19123
19124
19125
19126
19127
19128
19129
19130
19131
19132
19133
19134
19135
19136
19138
19139
19140
19142
19143
19144
19145
19146
19147
19148
19149
19150
19151
19152
19153
19154
19155
19156
19157
19158
19159
19160
19161
19162
19163
19164
19165
19166
19167
19168
19169
19170
19172
19173
19174
19175
19176
19177
19178
19180
19181
19182
19183
19184
19185
19186
19187
19188
19189
19190
19191
19192
19193
19194
19195
19196
19197
19198
19199
19200
19201
19202
19203
19204
19205
19206
19207
19208
19209
19211
19212
19213
19214
19216
19217
19218
19219
19220
19221
19222
19223
19224
19225
19226
19227
19228
19229
19230
19231
19232
19233
19234
19236
19237
19238
19239
19240
19241
19242
19243
19244
19245
19246
19247
19248
19249
19250
19251
19252
19254
19255
19256
19257
19258
19259
19261
19262
19263
19264
19265
19266
19267
19268
19269
19270
19271
19272
19273
19275
19276
19277
19278
19279
19281
19282
19283
19284
19285
19286
19287
19288
19289
19290
19291
19292
19293
19294
19295
19296
19297
19298
19299
19300
19302
19303
19304
19305
19306
19307
19308
19309
19310
19311
19312
19313
19314
19316
19317
19318
19319
19320
19321
19323
19324
19325
19326
19327
19328
19329
19330
19331
19332
19333
19334
19335
19336
19337
19338
19339
19340
19341
19342
19343
19344
19345
19346
19347
19348
19349
19350
19351
19352
19353
19354
19355
19356
19357
19358
19359
19360
19361
19362
19363
19364
19366
19368
19369
19370
19372
19373
19374
19376
19377
19378
19379
19381
19382
19383
19385
19386
19387
19388
19391
19392
19393
19394
19395
19396
19397
19398
19399
19400
19401
19402
19403
19404
19405
19406
19407
19408
19409
19410
19411
19412
19413
19414
19415
19416
19417
19418
19419
19420
19421
19422
19423
19424
19425
19426
19427
19428
19429
19430
19432
19433
19434
19435
19437
19438
19440
19441
19442
19443
19444
19445
19446
19447
19448
19449
19450
19452
19453
19454
19455
19456
19457
19458
19459
19460
19461
19462
19463
19464
19465
19466
19467
19469
19470
19471
19472
19473
19474
19475
19476
19478
19479
19480
19481
19482
19484
19485
19486
19487
19488
19489
19490
19491
19492
19493
19494
19495
19496
19497
19498
19499
19500
19501
19502
19503
19506
19507
19508
19509
19510
19511
19512
19514
19515
19516
19517
19518
19520
19521
19522
19523
19524
19525
19526
19527
19529
19530
19531
19532
19533
19534
19536
19537
19538
19539
19540
19541
19542
19543
19544
19545
19546
19547
19548
19549
19550
19551
19553
19554
19555
19556
19557
19558
19559
19560
19561
19563
19564
19565
19566
19567
19568
19569
19570
19572
19573
19574
19575
19576
19578
19579
19581
19582
19583
19584
19585
19586
19587
19588
19589
19590
19591
19592
19593
19595
19596
19597
19599
19600
19601
19602
19603
19604
19605
19606
19607
19608
19609
19610
19611
19612
19613
19615
19616
19617
19618
19619
19620
19622
19623
19624
19625
19626
19627
19628
19629
19631
19632
19633
19634
19635
19636
19637
19639
19640
19641
19642
19643
19644
19645
19646
19648
19649
19650
19651
19652
19653
19654
19655
19656
19657
19658
19659
19660
19661
19662
19663
19664
19665
19666
19668
19669
19670
19671
19672
19673
19674
19675
19677
19678
19679
19680
19681
19682
19683
19685
19686
19687
19688
19689
19690
19691
19692
19693
19694
19697
19698
19699
19701
19702
19703
19704
19705
19706
19707
19708
19709
19710
19711
19712
19713
19714
19716
19717
19718
19720
19721
19722
19723
19724
19725
19726
19727
19728
19729
19730
19731
19732
19734
19735
19736
19737
19739
19740
19741
19742
19743
19744
19745
19746
19747
19748
19749
19750
19751
19752
19753
19754
19755
19756
19757
19758
19761
19762
19763
19764
19766
19767
19768
19769
19770
19772
19773
19774
19775
19776
19777
19778
19779
19780
19781
19782
19783
19784
19785
19786
19787
19788
19789
19790
19791
19792
19794
19795
19797
19798
19799
19800
19801
19802
19804
19806
19807
19809
19810
19811
19812
19813
19814
19815
19816
19817
19818
19819
19820
19821
19822
19823
19824
19825
19826
19827
19828
19829
19831
19833
19835
19836
19837
19838
19839
19840
19841
19842
19843
19844
19845
19846
19847
19848
19849
19851
19852
19853
19854
19855
19856
19857
19859
19860
19861
19862
19863
19864
19865
19866
19867
19868
19869
19870
19871
19872
19873
19876
19877
19878
19879
19880
19881
19882
19883
19885
19887
19888
19889
19890
19891
19892
19893
19894
19895
19896
19897
19898
19899
19900
19901
19902
19903
19905
19906
19907
19908
19909
19910
19911
19912
19913
19914
19915
19916
19917
19918
19919
19920
19921
19922
19923
19924
19925
19926
19927
19928
19929
19930
19931
19932
19933
19934
19935
19938
19939
19940
19941
19942
19943
19944
19945
19946
19947
19948
19949
19950
19951
19952
19953
19954
19955
19956
19957
19958
19959
19961
19962
19963
19964
19965
19966
19967
19970
19971
19972
19973
19974
19975
19976
19977
19979
19980
19981
19982
19983
19984
19985
19986
19987
19988
19989
19990
19991
19992
19993
19994
19995
19996
19997
19998
19999
20000
20001
20002
20003
20004
20005
20006
20007
20008
20009
20010
20012
20013
20014
20015
20016
20017
20018
20019
20020
20021
20022
20023
20024
20025
20026
20029
20030
20031
20032
20033
20035
20036
20037
20038
20039
20040
20042
20043
20044
20045
20046
20047
20048
20049
20050
20051
20052
20053
20054
20055
20056
20057
20058
20059
20060
20061
20062
20063
20065
20066
20067
20068
20070
20071
20072
20073
20075
20076
20077
20079
20080
20081
20082
20083
20084
20085
20086
20088
20089
20090
20091
20093
20094
20096
20097
20098
20099
20100
20101
20102
20103
20104
20105
20106
20107
20108
20109
20110
20111
20112
20113
20114
20115
20116
20117
20119
20120
20121
20122
20123
20124
20125
20126
20127
20128
20129
20130
20132
20133
20135
20136
20137
20138
20139
20140
20141
20142
20143
20144
20145
20146
20147
20149
20150
20151
20152
20154
20155
20156
20157
20158
20159
20161
20162
20163
20164
20165
20166
20168
20169
20171
20172
20173
20174
20175
20176
20177
20178
20179
20180
20181
20182
20183
20184
20185
20186
20187
20188
20189
20190
20191
20192
20193
20194
20195
20198
20199
20200
20201
20202
20203
20204
20205
20206
20207
20208
20209
20210
20211
20212
20213
20214
20215
20216
20217
20218
20219
20220
20221
20222
20224
20226
20227
20230
20231
20232
20235
20236
20237
20238
20239
20240
20241
20242
20243
20244
20245
20246
20247
20248
20249
20250
20251
20252
20253
20254
20255
20256
20257
20258
20259
20260
20261
20262
20263
20265
20266
20267
20268
20269
20270
20271
20272
20273
20274
20275
20278
20279
20280
20282
20283
20284
20285
20287
20288
20289
20290
20291
20292
20293
20294
20295
20296
20297
20298
20299
20300
20301
20302
20303
20304
20305
20306
20307
20308
20309
20310
20311
20312
20313
20314
20315
20316
20317
20318
20319
20320
20321
20322
20323
20324
20325
20327
20328
20329
20330
20331
20332
20333
20334
20335
20336
20338
20339
20340
20341
20342
20345
20346
20347
20348
20349
20351
20352
20353
20354
20355
20356
20357
20358
20359
20360
20361
20362
20363
20364
20366
20367
20368
20369
20370
20371
20372
20373
20374
20375
20376
20377
20378
20379
20380
20381
20382
20383
20384
20385
20386
20387
20388
20389
20390
20391
20392
20393
20394
20395
20396
20397
20398
20399
20401
20402
20403
20404
20405
20406
20407
20408
20409
20410
20411
20412
20414
20415
20416
20417
20418
20419
20421
20422
20423
20424
20425
20427
20428
20429
20430
20431
20432
20433
20434
20435
20436
20437
20439
20440
20441
20442
20443
20444
20446
20447
20448
20449
20450
20451
20452
20453
20454
20455
20456
20457
20458
20459
20460
20461
20462
20463
20464
20465
20466
20467
20468
20469
20470
20471
20472
20473
20474
20475
20476
20477
20478
20479
20480
20481
20482
20483
20484
20485
20486
20487
20488
20489
20490
20491
